Season      Lat      Lon      Rs      SZA      Aerosol_net      Clear_net      Net_net      Column_DAOD
3.000      1.200      -30.000      0.071      35.074      977.291      980.359      -3.068      0.622
3.000      1.200      -27.500      0.073      34.384      984.375      987.358      -2.984      0.622
3.000      1.200      -25.000      0.075      33.425      994.513      997.395      -2.882      0.622
3.000      1.200      -22.500      0.075      32.177      1009.213      1012.011      -2.798      0.622
3.000      1.200      -20.000      0.074      30.616      1027.670      1030.388      -2.718      0.622
3.000      1.200      -17.500      0.073      28.723      1048.839      1051.468      -2.628      0.622
3.000      1.200      -15.000      0.071      26.705      1070.888      1073.450      -2.562      0.622
3.000      1.200      -12.500      0.072      28.185      1055.223      1057.840      -2.617      0.622
3.000      1.200      -10.000      0.073      29.744      1037.985      1040.669      -2.684      0.622
3.000      1.200      -7.500      0.074      31.142      1021.794      1024.544      -2.750      0.622
3.000      1.200      -5.000      0.073      32.364      1008.559      1011.403      -2.844      0.622
3.000      1.200      -2.500      0.072      33.408      996.978      999.909      -2.931      0.622
3.000      1.200      0.000      0.071      34.268      987.286      990.295      -3.009      0.622
3.000      1.200      2.500      0.071      34.940      978.967      982.026      -3.058      0.622
3.000      1.200      5.000      0.072      35.417      972.242      975.319      -3.078      0.622
3.000      1.200      7.500      0.073      35.691      968.037      971.119      -3.082      0.622
3.000      1.200      10.000      0.120      35.752      932.840      935.164      -2.324      0.622
3.000      1.200      12.500      0.131      35.588      926.733      928.869      -2.137      0.622
3.000      1.200      15.000      0.134      35.184      929.367      931.424      -2.057      0.622
3.000      1.200      17.500      0.125      34.522      943.943      946.089      -2.146      0.622
3.000      1.200      20.000      0.129      33.580      951.922      953.933      -2.012      0.622
3.000      1.200      22.500      0.134      32.332      962.185      964.028      -1.842      0.622
3.000      1.200      25.000      0.135      30.751      978.535      980.254      -1.720      0.622
3.000      1.200      27.500      0.132      28.810      1000.890      1002.539      -1.649      0.622
3.000      1.200      30.000      0.152      26.705      1004.832      1006.044      -1.212      0.622
3.000      1.200      32.500      0.152      28.092      991.820      993.107      -1.288      0.622
3.000      1.200      35.000      0.156      29.588      973.908      975.222      -1.313      0.622
3.000      1.200      37.500      0.185      30.950      937.123      938.078      -0.955      0.622
3.000      1.200      40.000      0.218      32.162      898.822      899.374      -0.552      0.622
3.000      1.200      42.500      0.167      33.215      927.088      928.480      -1.392      0.622
3.000      1.200      45.000      0.070      34.103      990.047      993.061      -3.014      0.622
3.000      1.200      47.500      0.071      34.819      980.473      983.522      -3.049      0.622
3.000      1.200      50.000      0.072      35.352      973.058      976.131      -3.073      0.622
3.000      3.100      -30.000      0.071      35.192      975.810      978.887      -3.077      0.622
3.000      3.100      -27.500      0.072      34.516      983.488      986.498      -3.010      0.622
3.000      3.100      -25.000      0.074      33.581      993.397      996.307      -2.910      0.622
3.000      3.100      -22.500      0.074      32.373      1007.699      1010.527      -2.828      0.622
3.000      3.100      -20.000      0.073      30.889      1025.404      1028.156      -2.751      0.622
3.000      3.100      -17.500      0.072      29.177      1044.845      1047.515      -2.670      0.622
3.000      3.100      -15.000      0.071      27.518      1062.810      1065.411      -2.601      0.622
3.000      3.100      -12.500      0.072      28.649      1050.409      1053.050      -2.641      0.622
3.000      3.100      -10.000      0.073      30.029      1034.898      1037.599      -2.701      0.622
3.000      3.100      -7.500      0.074      31.348      1019.469      1022.232      -2.762      0.622
3.000      3.100      -5.000      0.072      32.529      1007.401      1010.273      -2.872      0.622
3.000      3.100      -2.500      0.072      33.547      995.305      998.246      -2.941      0.622
3.000      3.100      0.000      0.070      34.391      986.514      989.548      -3.035      0.622
3.000      3.100      2.500      0.071      35.053      977.553      980.620      -3.067      0.622
3.000      3.100      5.000      0.072      35.524      970.888      973.973      -3.086      0.622
3.000      3.100      7.500      0.073      35.795      966.709      969.800      -3.090      0.622
3.000      3.100      10.000      0.105      35.857      942.548      945.120      -2.572      0.622
3.000      3.100      12.500      0.135      35.697      922.466      924.548      -2.083      0.622
3.000      3.100      15.000      0.131      35.301      930.189      932.302      -2.113      0.622
3.000      3.100      17.500      0.125      34.653      942.389      944.545      -2.157      0.622
3.000      3.100      20.000      0.144      33.734      938.787      940.574      -1.787      0.622
3.000      3.100      22.500      0.132      32.527      961.560      963.448      -1.888      0.622
3.000      3.100      25.000      0.128      31.023      981.120      982.970      -1.850      0.622
3.000      3.100      27.500      0.133      29.262      995.537      997.197      -1.660      0.622
3.000      3.100      30.000      0.144      27.518      1003.785      1005.169      -1.383      0.622
3.000      3.100      32.500      0.154      28.558      985.698      986.981      -1.283      0.622
3.000      3.100      35.000      0.183      29.875      949.511      950.424      -0.914      0.622
3.000      3.100      37.500      0.176      31.158      942.077      943.183      -1.106      0.622
3.000      3.100      40.000      0.178      32.328      928.237      929.396      -1.158      0.622
3.000      3.100      42.500      0.178      33.356      917.119      918.354      -1.235      0.622
3.000      3.100      45.000      0.193      34.228      896.075      897.155      -1.079      0.622
3.000      3.100      47.500      0.072      34.933      978.316      981.357      -3.041      0.622
3.000      3.100      50.000      0.073      35.459      970.970      974.034      -3.064      0.622
3.000      5.000      -30.000      0.071      35.432      972.782      975.878      -3.095      0.622
3.000      5.000      -27.500      0.071      34.783      980.917      983.964      -3.047      0.622
3.000      5.000      -25.000      0.073      33.891      990.396      993.344      -2.948      0.622
3.000      5.000      -22.500      0.073      32.753      1004.009      1006.879      -2.870      0.622
3.000      5.000      -20.000      0.073      31.386      1019.813      1022.595      -2.782      0.622
3.000      5.000      -17.500      0.071      29.863      1038.270      1040.995      -2.725      0.622
3.000      5.000      -15.000      0.071      28.367      1054.138      1056.782      -2.644      0.622
3.000      5.000      -12.500      0.071      29.350      1043.796      1046.492      -2.697      0.622
3.000      5.000      -10.000      0.074      30.545      1028.449      1031.162      -2.714      0.622
3.000      5.000      -7.500      0.150      31.747      956.192      957.741      -1.549      0.622
3.000      5.000      -5.000      0.100      32.856      982.285      984.713      -2.428      0.622
3.000      5.000      -2.500      0.118      33.828      957.350      959.555      -2.206      0.622
3.000      5.000      0.000      0.071      34.642      982.668      985.704      -3.036      0.622
3.000      5.000      2.500      0.071      35.284      974.648      977.732      -3.084      0.622
3.000      5.000      5.000      0.071      35.743      968.829      971.949      -3.119      0.622
3.000      5.000      7.500      0.136      36.010      917.942      920.035      -2.093      0.622
3.000      5.000      10.000      0.135      36.073      917.910      920.024      -2.114      0.622
3.000      5.000      12.500      0.135      35.920      919.764      921.865      -2.101      0.622
3.000      5.000      15.000      0.134      35.540      925.099      927.185      -2.085      0.622
3.000      5.000      17.500      0.130      34.918      935.509      937.608      -2.098      0.622
3.000      5.000      20.000      0.135      34.042      942.051      944.003      -1.951      0.622
3.000      5.000      22.500      0.123      32.904      964.207      966.265      -2.058      0.622
3.000      5.000      25.000      0.121      31.516      981.223      983.218      -1.995      0.622
3.000      5.000      27.500      0.122      29.945      997.239      999.118      -1.879      0.622
3.000      5.000      30.000      0.129      28.367      1007.698      1009.370      -1.673      0.622
3.000      5.000      32.500      0.157      29.261      976.374      977.652      -1.278      0.622
3.000      5.000      35.000      0.140      30.395      978.343      979.960      -1.617      0.622
3.000      5.000      37.500      0.146      31.561      961.301      962.900      -1.599      0.622
3.000      5.000      40.000      0.152      32.658      944.733      946.315      -1.582      0.622
3.000      5.000      42.500      0.214      33.640      886.448      887.172      -0.724      0.622
3.000      5.000      45.000      0.231      34.481      864.429      864.978      -0.549      0.622
3.000      5.000      47.500      0.253      35.166      840.376      840.676      -0.300      0.622
3.000      5.000      50.000      0.073      35.680      968.178      971.260      -3.081      0.622
3.000      6.900      -30.000      0.071      35.788      968.266      971.389      -3.123      0.622
3.000      6.900      -27.500      0.071      35.175      976.023      979.098      -3.076      0.622
3.000      6.900      -25.000      0.072      34.337      985.690      988.687      -2.997      0.622
3.000      6.900      -22.500      0.072      33.281      998.499      1001.421      -2.923      0.622
3.000      6.900      -20.000      0.071      32.031      1013.958      1016.815      -2.856      0.622
3.000      6.900      -17.500      0.071      30.653      1029.592      1032.363      -2.771      0.622
3.000      6.900      -15.000      0.071      29.251      1044.848      1047.539      -2.691      0.622
3.000      6.900      -12.500      0.075      30.156      1031.949      1034.622      -2.674      0.622
3.000      6.900      -10.000      0.149      31.215      962.655      964.183      -1.528      0.622
3.000      6.900      -7.500      0.163      32.301      940.143      941.529      -1.386      0.622
3.000      6.900      -5.000      0.149      33.326      939.603      941.281      -1.678      0.622
3.000      6.900      -2.500      0.162      34.240      919.406      920.953      -1.547      0.622
3.000      6.900      0.000      0.126      35.013      937.347      939.516      -2.169      0.622
3.000      6.900      2.500      0.155      35.628      908.512      910.280      -1.767      0.622
3.000      6.900      5.000      0.146      36.071      909.852      911.795      -1.943      0.622
3.000      6.900      7.500      0.137      36.330      913.298      915.403      -2.105      0.622
3.000      6.900      10.000      0.135      36.394      913.973      916.114      -2.141      0.622
3.000      6.900      12.500      0.133      36.253      917.175      919.335      -2.160      0.622
3.000      6.900      15.000      0.129      35.893      924.498      926.691      -2.193      0.622
3.000      6.900      17.500      0.130      35.307      930.863      932.992      -2.129      0.622
3.000      6.900      20.000      0.121      34.485      947.373      949.580      -2.207      0.622
3.000      6.900      22.500      0.116      33.428      963.518      965.726      -2.208      0.622
3.000      6.900      25.000      0.128      32.158      968.741      970.667      -1.926      0.622
3.000      6.900      27.500      0.129      30.733      983.437      985.251      -1.815      0.622
3.000      6.900      30.000      0.150      29.251      982.073      983.461      -1.387      0.622
3.000      6.900      32.500      0.152      30.070      972.213      973.619      -1.406      0.622
3.000      6.900      35.000      0.138      31.069      972.808      974.501      -1.693      0.622
3.000      6.900      37.500      0.155      32.120      948.295      949.792      -1.497      0.622
3.000      6.900      40.000      0.157      33.133      935.651      937.191      -1.539      0.622
3.000      6.900      42.500      0.207      34.055      887.319      888.179      -0.859      0.622
3.000      6.900      45.000      0.186      34.855      894.337      895.572      -1.234      0.622
3.000      6.900      47.500      0.269      35.512      824.575      824.686      -0.112      0.622
3.000      6.900      50.000      0.075      36.009      962.528      965.602      -3.074      0.622
3.000      8.800      -30.000      0.071      36.250      962.336      965.495      -3.159      0.622
3.000      8.800      -27.500      0.071      35.677      969.668      972.782      -3.114      0.622
3.000      8.800      -25.000      0.071      34.899      979.474      982.529      -3.055      0.622
3.000      8.800      -22.500      0.072      33.924      990.745      993.712      -2.967      0.622
3.000      8.800      -20.000      0.071      32.777      1005.238      1008.144      -2.905      0.622
3.000      8.800      -17.500      0.071      31.506      1019.987      1022.810      -2.823      0.622
3.000      8.800      -15.000      0.071      30.170      1034.915      1037.658      -2.743      0.622
3.000      8.800      -12.500      0.149      31.025      964.666      966.182      -1.516      0.622
3.000      8.800      -10.000      0.144      31.987      958.256      959.916      -1.660      0.622
3.000      8.800      -7.500      0.138      32.973      951.967      953.792      -1.825      0.622
3.000      8.800      -5.000      0.143      33.916      937.465      939.281      -1.816      0.622
3.000      8.800      -2.500      0.141      34.767      929.091      931.005      -1.914      0.622
3.000      8.800      0.000      0.150      35.495      913.799      915.632      -1.833      0.622
3.000      8.800      2.500      0.133      36.078      919.307      921.453      -2.146      0.622
3.000      8.800      5.000      0.140      36.502      909.009      911.081      -2.073      0.622
3.000      8.800      7.500      0.151      36.752      897.929      899.854      -1.925      0.622
3.000      8.800      10.000      0.163      36.817      888.388      890.136      -1.748      0.622
3.000      8.800      12.500      0.156      36.688      895.065      896.907      -1.843      0.622
3.000      8.800      15.000      0.152      36.353      902.043      903.917      -1.875      0.622
3.000      8.800      17.500      0.147      35.806      912.306      914.211      -1.905      0.622
3.000      8.800      20.000      0.139      35.042      927.334      929.301      -1.967      0.622
3.000      8.800      22.500      0.136      34.067      941.007      942.944      -1.938      0.622
3.000      8.800      25.000      0.133      32.900      956.612      958.510      -1.898      0.622
3.000      8.800      27.500      0.149      31.583      958.730      960.283      -1.553      0.622
3.000      8.800      30.000      0.153      30.170      970.391      971.789      -1.397      0.622
3.000      8.800      32.500      0.149      30.941      965.542      967.052      -1.510      0.622
3.000      8.800      35.000      0.150      31.846      955.134      956.689      -1.556      0.622
3.000      8.800      37.500      0.166      32.797      932.438      933.814      -1.376      0.622
3.000      8.800      40.000      0.155      33.728      930.512      932.127      -1.615      0.622
3.000      8.800      42.500      0.161      34.587      916.191      917.781      -1.590      0.622
3.000      8.800      45.000      0.266      35.341      828.668      828.805      -0.137      0.622
3.000      8.800      47.500      0.311      35.965      788.093      787.692      0.400      0.622
3.000      8.800      50.000      0.289      36.441      799.640      799.569      0.070      0.622
3.000      10.700      -30.000      0.071      36.809      955.077      958.282      -3.204      0.622
3.000      10.700      -27.500      0.071      36.278      961.971      965.133      -3.161      0.622
3.000      10.700      -25.000      0.071      35.558      971.188      974.293      -3.105      0.622
3.000      10.700      -22.500      0.071      34.657      982.483      985.520      -3.037      0.622
3.000      10.700      -20.000      0.071      33.597      995.453      998.414      -2.961      0.622
3.000      10.700      -17.500      0.071      32.408      1009.576      1012.457      -2.881      0.622
3.000      10.700      -15.000      0.072      31.124      1023.544      1026.326      -2.783      0.622
3.000      10.700      -12.500      0.148      31.942      955.648      957.242      -1.594      0.622
3.000      10.700      -10.000      0.139      32.833      952.779      954.578      -1.799      0.622
3.000      10.700      -7.500      0.138      33.737      943.299      945.180      -1.881      0.622
3.000      10.700      -5.000      0.153      34.605      921.994      923.709      -1.714      0.622
3.000      10.700      -2.500      0.154      35.394      912.020      913.783      -1.763      0.622
3.000      10.700      0.000      0.161      36.075      898.766      900.480      -1.713      0.622
3.000      10.700      2.500      0.143      36.625      905.302      907.339      -2.037      0.622
3.000      10.700      5.000      0.151      37.027      894.550      896.499      -1.949      0.622
3.000      10.700      7.500      0.151      37.268      891.587      893.558      -1.970      0.622
3.000      10.700      10.000      0.168      37.335      878.467      880.186      -1.719      0.622
3.000      10.700      12.500      0.164      37.218      882.788      884.557      -1.768      0.622
3.000      10.700      15.000      0.177      36.910      877.067      878.613      -1.546      0.622
3.000      10.700      17.500      0.135      36.403      913.869      916.011      -2.142      0.622
3.000      10.700      20.000      0.146      35.696      914.355      916.267      -1.912      0.622
3.000      10.700      22.500      0.142      34.796      928.005      929.906      -1.900      0.622
3.000      10.700      25.000      0.147      33.716      936.719      938.457      -1.738      0.622
3.000      10.700      27.500      0.152      32.483      946.660      948.229      -1.569      0.622
3.000      10.700      30.000      0.152      31.124      961.270      962.745      -1.475      0.622
3.000      10.700      32.500      0.145      31.861      958.848      960.483      -1.635      0.622
3.000      10.700      35.000      0.148      32.696      947.395      949.042      -1.647      0.622
3.000      10.700      37.500      0.157      33.567      930.806      932.378      -1.572      0.622
3.000      10.700      40.000      0.154      34.423      923.346      925.031      -1.685      0.622
3.000      10.700      42.500      0.198      35.220      881.208      882.295      -1.087      0.622
3.000      10.700      45.000      0.251      35.926      833.647      834.042      -0.395      0.622
3.000      10.700      47.500      0.309      36.515      783.873      783.549      0.323      0.622
3.000      10.700      50.000      0.317      36.968      773.135      772.753      0.382      0.622
3.000      12.600      -30.000      0.071      37.455      946.571      949.829      -3.258      0.622
3.000      12.600      -27.500      0.071      36.965      953.043      956.260      -3.217      0.622
3.000      12.600      -25.000      0.071      36.298      961.717      964.880      -3.163      0.622
3.000      12.600      -22.500      0.071      35.463      972.384      975.482      -3.098      0.622
3.000      12.600      -20.000      0.071      34.475      984.734      987.758      -3.024      0.622
3.000      12.600      -17.500      0.071      33.352      998.403      1001.348      -2.944      0.622
3.000      12.600      -15.000      0.135      32.111      963.858      965.669      -1.811      0.622
3.000      12.600      -12.500      0.150      32.900      943.604      945.234      -1.631      0.622
3.000      12.600      -10.000      0.151      33.736      933.457      935.135      -1.678      0.622
3.000      12.600      -7.500      0.160      34.574      917.096      918.700      -1.604      0.622
3.000      12.600      -5.000      0.170      35.376      900.337      901.855      -1.518      0.622
3.000      12.600      -2.500      0.182      36.109      882.883      884.283      -1.400      0.622
3.000      12.600      0.000      0.198      36.745      863.656      864.877      -1.221      0.622
3.000      12.600      2.500      0.163      37.261      882.986      884.773      -1.787      0.622
3.000      12.600      5.000      0.187      37.641      860.996      862.461      -1.465      0.622
3.000      12.600      7.500      0.217      37.871      836.544      837.597      -1.052      0.622
3.000      12.600      10.000      0.000      0.000      1268.754      1272.166      -3.412      0.622
3.000      12.600      12.500      0.230      37.835      827.537      828.402      -0.865      0.622
3.000      12.600      15.000      0.184      37.553      864.237      865.738      -1.501      0.622
3.000      12.600      17.500      0.195      37.085      861.836      863.132      -1.296      0.622
3.000      12.600      20.000      0.165      36.432      891.564      893.248      -1.684      0.622
3.000      12.600      22.500      0.203      35.597      873.193      874.240      -1.047      0.622
3.000      12.600      25.000      0.250      34.590      848.790      849.081      -0.292      0.622
3.000      12.600      27.500      0.255      33.424      857.092      857.218      -0.126      0.622
3.000      12.600      30.000      0.158      32.111      946.065      947.515      -1.450      0.622
3.000      12.600      32.500      0.151      32.821      943.702      945.312      -1.610      0.622
3.000      12.600      35.000      0.146      33.604      938.752      940.498      -1.746      0.622
3.000      12.600      37.500      0.120      34.409      949.015      951.233      -2.217      0.622
3.000      12.600      40.000      0.164      35.200      906.858      908.452      -1.594      0.622
3.000      12.600      42.500      0.130      35.940      923.196      925.377      -2.181      0.622
3.000      12.600      45.000      0.071      36.600      957.809      960.997      -3.187      0.622
3.000      12.600      47.500      0.071      37.154      950.550      953.783      -3.233      0.622
3.000      12.600      50.000      0.079      37.584      939.178      942.315      -3.137      0.622
3.000      14.500      -30.000      0.071      38.179      936.889      940.209      -3.320      0.622
3.000      14.500      -27.500      0.071      37.726      942.972      946.253      -3.281      0.622
3.000      14.500      -25.000      0.070      37.108      951.878      955.123      -3.245      0.622
3.000      14.500      -22.500      0.070      36.330      962.021      965.203      -3.182      0.622
3.000      14.500      -20.000      0.071      35.403      973.151      976.245      -3.093      0.622
3.000      14.500      -17.500      0.071      34.333      986.484      989.497      -3.014      0.622
3.000      14.500      -15.000      0.190      33.131      910.351      911.389      -1.038      0.622
3.000      14.500      -12.500      0.163      33.895      922.561      924.066      -1.505      0.622
3.000      14.500      -10.000      0.165      34.687      912.033      913.570      -1.537      0.622
3.000      14.500      -7.500      0.212      35.470      867.895      868.800      -0.905      0.622
3.000      14.500      -5.000      0.207      36.217      863.145      864.188      -1.043      0.622
3.000      14.500      -2.500      0.251      36.899      822.872      823.356      -0.484      0.622
3.000      14.500      0.000      0.272      37.492      800.781      801.036      -0.256      0.622
3.000      14.500      2.500      0.295      37.976      778.554      778.553      0.000      0.622
3.000      14.500      5.000      0.296      38.335      773.865      773.888      -0.023      0.622
3.000      14.500      7.500      0.318      38.555      755.432      755.195      0.237      0.622
3.000      14.500      10.000      0.300      38.623      767.763      767.763      -0.000      0.622
3.000      14.500      12.500      0.325      38.532      750.572      750.245      0.327      0.622
3.000      14.500      15.000      0.313      38.273      762.138      761.936      0.202      0.622
3.000      14.500      17.500      0.325      37.843      757.959      757.562      0.397      0.622
3.000      14.500      20.000      0.291      37.238      789.571      789.551      0.021      0.622
3.000      14.500      22.500      0.274      36.460      810.638      810.769      -0.131      0.622
3.000      14.500      25.000      0.290      35.514      808.669      808.501      0.169      0.622
3.000      14.500      27.500      0.323      34.404      794.633      793.940      0.693      0.622
3.000      14.500      30.000      0.328      33.131      802.983      802.119      0.864      0.622
3.000      14.500      32.500      0.178      33.819      912.010      913.281      -1.271      0.622
3.000      14.500      35.000      0.141      34.559      931.520      933.417      -1.897      0.622
3.000      14.500      37.500      0.153      35.311      913.740      915.511      -1.772      0.622
3.000      14.500      40.000      0.175      36.046      888.786      890.285      -1.499      0.622
3.000      14.500      42.500      0.073      36.735      954.601      957.766      -3.165      0.622
3.000      14.500      45.000      0.171      37.352      876.086      877.761      -1.675      0.622
3.000      14.500      47.500      0.225      37.873      830.726      831.665      -0.939      0.622
3.000      14.500      50.000      0.072      38.279      934.835      938.147      -3.312      0.622
3.000      16.400      -30.000      0.072      38.973      925.406      928.780      -3.374      0.622
3.000      16.400      -27.500      0.071      38.553      931.835      935.187      -3.353      0.622
3.000      16.400      -25.000      0.071      37.978      939.602      942.904      -3.302      0.622
3.000      16.400      -22.500      0.073      37.250      947.860      951.068      -3.208      0.622
3.000      16.400      -20.000      0.071      36.373      960.744      963.913      -3.169      0.622
3.000      16.400      -17.500      0.071      35.350      973.814      976.903      -3.089      0.622
3.000      16.400      -15.000      0.261      34.183      844.644      844.750      -0.105      0.622
3.000      16.400      -12.500      0.287      34.924      817.070      816.888      0.181      0.622
3.000      16.400      -10.000      0.268      35.681      823.530      823.670      -0.140      0.622
3.000      16.400      -7.500      0.271      36.419      813.324      813.491      -0.167      0.622
3.000      16.400      -5.000      0.314      37.117      773.802      773.473      0.330      0.622
3.000      16.400      -2.500      0.273      37.754      797.126      797.394      -0.268      0.622
3.000      16.400      0.000      0.291      38.309      777.799      777.884      -0.085      0.622
3.000      16.400      2.500      0.302      38.763      764.760      764.749      0.011      0.622
3.000      16.400      5.000      0.318      39.101      749.444      749.264      0.180      0.622
3.000      16.400      7.500      0.355      39.311      720.412      719.798      0.614      0.622
3.000      16.400      10.000      0.474      39.380      632.670      630.744      1.926      0.622
3.000      16.400      12.500      0.500      39.300      614.135      611.942      2.193      0.622
3.000      16.400      15.000      0.487      39.064      625.931      623.841      2.090      0.622
3.000      16.400      17.500      0.463      38.666      647.454      645.564      1.889      0.622
3.000      16.400      20.000      0.422      38.103      683.353      681.841      1.511      0.622
3.000      16.400      22.500      0.346      37.375      747.287      746.583      0.704      0.622
3.000      16.400      25.000      0.419      36.481      700.948      699.308      1.640      0.622
3.000      16.400      27.500      0.414      35.419      714.567      712.883      1.684      0.622
3.000      16.400      30.000      0.374      34.183      757.056      755.719      1.337      0.622
3.000      16.400      32.500      0.299      34.850      808.646      808.301      0.346      0.622
3.000      16.400      35.000      0.208      35.557      869.915      870.885      -0.970      0.622
3.000      16.400      37.500      0.241      36.265      837.367      837.931      -0.564      0.622
3.000      16.400      40.000      0.087      36.952      941.713      944.667      -2.953      0.622
3.000      16.400      42.500      0.075      37.596      941.859      945.063      -3.204      0.622
3.000      16.400      45.000      0.316      38.173      761.029      760.778      0.250      0.622
3.000      16.400      47.500      0.349      38.663      731.642      731.033      0.610      0.622
3.000      16.400      50.000      0.306      39.048      758.702      758.669      0.033      0.622
3.000      18.300      -30.000      0.073      39.828      912.893      916.329      -3.436      0.622
3.000      18.300      -27.500      0.073      39.438      918.308      921.708      -3.400      0.622
3.000      18.300      -25.000      0.071      38.900      927.091      930.475      -3.384      0.622
3.000      18.300      -22.500      0.071      38.215      936.402      939.725      -3.323      0.622
3.000      18.300      -20.000      0.071      37.383      947.531      950.783      -3.252      0.622
3.000      18.300      -17.500      0.071      36.400      960.396      963.567      -3.171      0.622
3.000      18.300      -15.000      0.406      35.266      722.163      720.554      1.609      0.622
3.000      18.300      -12.500      0.365      35.986      746.888      745.821      1.067      0.622
3.000      18.300      -10.000      0.438      36.712      684.299      682.475      1.824      0.622
3.000      18.300      -7.500      0.445      37.411      672.560      670.731      1.829      0.622
3.000      18.300      -5.000      0.504      38.069      621.980      619.621      2.359      0.622
3.000      18.300      -2.500      0.429      38.666      672.722      671.193      1.530      0.622
3.000      18.300      0.000      0.361      39.187      717.374      716.675      0.699      0.622
3.000      18.300      2.500      0.368      39.614      707.797      707.060      0.737      0.622
3.000      18.300      5.000      0.374      39.933      700.097      699.324      0.773      0.622
3.000      18.300      7.500      0.282      40.133      763.466      763.859      -0.393      0.622
3.000      18.300      10.000      0.434      40.202      654.040      652.621      1.419      0.622
3.000      18.300      12.500      0.525      40.132      588.248      585.907      2.341      0.622
3.000      18.300      15.000      0.486      39.916      618.877      616.888      1.989      0.622
3.000      18.300      17.500      0.389      39.547      693.283      692.295      0.989      0.622
3.000      18.300      20.000      0.415      39.022      679.588      678.249      1.339      0.622
3.000      18.300      22.500      0.382      38.336      710.764      709.729      1.036      0.622
3.000      18.300      25.000      0.488      37.487      639.204      636.942      2.262      0.622
3.000      18.300      27.500      0.400      36.467      715.580      714.152      1.428      0.622
3.000      18.300      30.000      0.402      35.266      725.264      723.700      1.564      0.622
3.000      18.300      32.500      0.285      35.914      808.238      808.172      0.066      0.622
3.000      18.300      35.000      0.316      36.592      777.822      777.417      0.405      0.622
3.000      18.300      37.500      0.205      37.263      852.445      853.612      -1.167      0.622
3.000      18.300      40.000      0.070      37.910      941.220      944.533      -3.313      0.622
3.000      18.300      42.500      0.182      38.514      853.914      855.536      -1.621      0.622
3.000      18.300      45.000      0.401      39.056      689.526      688.348      1.178      0.622
3.000      18.300      47.500      0.430      39.517      663.705      662.255      1.450      0.622
3.000      18.300      50.000      0.387      39.881      691.270      690.341      0.930      0.622
3.000      20.200      -30.000      0.075      40.738      898.725      902.216      -3.491      0.622
3.000      20.200      -27.500      0.074      40.375      904.543      908.015      -3.472      0.622
3.000      20.200      -25.000      0.073      39.870      912.303      915.743      -3.440      0.622
3.000      20.200      -22.500      0.073      39.222      921.282      924.662      -3.380      0.622
3.000      20.200      -20.000      0.073      38.428      932.123      935.431      -3.309      0.622
3.000      20.200      -17.500      0.072      37.482      945.510      948.754      -3.244      0.622
3.000      20.200      -15.000      0.396      36.379      719.461      718.070      1.391      0.622
3.000      20.200      -12.500      0.353      37.079      745.085      744.267      0.818      0.622
3.000      20.200      -10.000      0.476      37.778      645.758      643.645      2.113      0.622
3.000      20.200      -7.500      0.461      38.444      650.995      649.104      1.892      0.622
3.000      20.200      -5.000      0.485      39.066      627.398      625.327      2.070      0.622
3.000      20.200      -2.500      0.456      39.629      643.578      641.864      1.715      0.622
3.000      20.200      0.000      0.356      40.119      711.027      710.488      0.539      0.622
3.000      20.200      2.500      0.312      40.521      737.807      737.856      -0.048      0.622
3.000      20.200      5.000      0.411      40.824      664.288      663.191      1.097      0.622
3.000      20.200      7.500      0.342      41.014      711.115      710.845      0.270      0.622
3.000      20.200      10.000      0.492      41.083      603.641      601.721      1.919      0.622
3.000      20.200      12.500      0.431      41.022      647.989      646.694      1.295      0.622
3.000      20.200      15.000      0.384      40.823      683.520      682.729      0.791      0.622
3.000      20.200      17.500      0.214      40.480      806.894      808.252      -1.358      0.622
3.000      20.200      20.000      0.429      39.987      659.794      658.406      1.388      0.622
3.000      20.200      22.500      0.443      39.339      655.900      654.291      1.609      0.622
3.000      20.200      25.000      0.444      38.529      662.886      661.182      1.705      0.622
3.000      20.200      27.500      0.432      37.546      681.132      679.455      1.677      0.622
3.000      20.200      30.000      0.400      36.379      716.411      714.974      1.437      0.622
3.000      20.200      32.500      0.378      37.009      727.002      725.879      1.122      0.622
3.000      20.200      35.000      0.317      37.661      765.793      765.479      0.314      0.622
3.000      20.200      37.500      0.103      38.300      912.708      915.521      -2.813      0.622
3.000      20.200      40.000      0.092      38.912      912.284      915.328      -3.044      0.622
3.000      20.200      42.500      0.255      39.482      790.240      790.925      -0.685      0.622
3.000      20.200      45.000      0.358      39.993      710.957      710.380      0.577      0.622
3.000      20.200      47.500      0.423      40.428      659.720      658.446      1.274      0.622
3.000      20.200      50.000      0.430      40.774      651.210      649.899      1.312      0.622
3.000      22.100      -30.000      0.077      41.698      883.649      887.203      -3.554      0.622
3.000      22.100      -27.500      0.076      41.358      889.216      892.752      -3.536      0.622
3.000      22.100      -25.000      0.075      40.882      896.684      900.189      -3.505      0.622
3.000      22.100      -22.500      0.074      40.267      906.062      909.523      -3.461      0.622
3.000      22.100      -20.000      0.074      39.507      916.666      920.056      -3.390      0.622
3.000      22.100      -17.500      0.074      38.593      929.188      932.495      -3.307      0.622
3.000      22.100      -15.000      0.333      37.521      755.437      754.908      0.529      0.622
3.000      22.100      -12.500      0.372      38.201      719.533      718.601      0.933      0.622
3.000      22.100      -10.000      0.439      38.875      663.306      661.691      1.615      0.622
3.000      22.100      -7.500      0.396      39.513      688.545      687.472      1.073      0.622
3.000      22.100      -5.000      0.328      40.104      731.174      730.976      0.198      0.622
3.000      22.100      -2.500      0.391      40.637      680.503      679.611      0.892      0.622
3.000      22.100      0.000      0.412      41.100      660.723      659.646      1.077      0.622
3.000      22.100      2.500      0.378      41.480      680.698      680.052      0.646      0.622
3.000      22.100      5.000      0.381      41.767      675.485      674.838      0.648      0.622
3.000      22.100      7.500      0.406      41.949      656.052      655.140      0.912      0.622
3.000      22.100      10.000      0.443      42.017      629.393      628.085      1.309      0.622
3.000      22.100      12.500      0.307      41.963      724.547      724.822      -0.275      0.622
3.000      22.100      15.000      0.336      41.780      706.657      706.548      0.109      0.622
3.000      22.100      17.500      0.264      41.459      760.194      760.972      -0.778      0.622
3.000      22.100      20.000      0.390      40.995      677.433      676.592      0.840      0.622
3.000      22.100      22.500      0.415      40.380      665.963      664.772      1.191      0.622
3.000      22.100      25.000      0.363      39.605      711.503      710.824      0.678      0.622
3.000      22.100      27.500      0.457      38.656      652.014      650.185      1.828      0.622
3.000      22.100      30.000      0.400      37.521      705.450      704.125      1.325      0.622
3.000      22.100      32.500      0.336      38.133      746.781      746.276      0.505      0.622
3.000      22.100      35.000      0.234      38.762      813.741      814.641      -0.900      0.622
3.000      22.100      37.500      0.073      39.374      919.198      922.592      -3.394      0.622
3.000      22.100      40.000      0.163      39.955      849.018      851.063      -2.045      0.622
3.000      22.100      42.500      0.293      40.495      751.499      751.788      -0.289      0.622
3.000      22.100      45.000      0.308      40.978      735.375      735.525      -0.150      0.622
3.000      22.100      47.500      0.421      41.390      651.338      650.195      1.143      0.622
3.000      22.100      50.000      0.444      41.718      631.717      630.363      1.354      0.622
3.000      24.000      -30.000      0.078      42.702      868.360      872.002      -3.642      0.622
3.000      24.000      -27.500      0.078      42.382      873.051      876.660      -3.608      0.622
3.000      24.000      -25.000      0.077      41.932      880.268      883.845      -3.578      0.622
3.000      24.000      -22.500      0.077      41.345      888.718      892.237      -3.518      0.622
3.000      24.000      -20.000      0.077      40.616      899.100      902.547      -3.446      0.622
3.000      24.000      -17.500      0.076      39.733      912.152      915.530      -3.378      0.622
3.000      24.000      -15.000      0.374      38.690      713.048      712.143      0.905      0.622
3.000      24.000      -12.500      0.369      39.351      709.842      709.065      0.777      0.622
3.000      24.000      -10.000      0.388      40.003      689.284      688.357      0.928      0.622
3.000      24.000      -7.500      0.311      40.615      737.444      737.516      -0.071      0.622
3.000      24.000      -5.000      0.375      41.179      686.074      685.429      0.646      0.622
3.000      24.000      -2.500      0.421      41.685      648.290      647.180      1.109      0.622
3.000      24.000      0.000      0.411      42.124      650.706      649.758      0.947      0.622
3.000      24.000      2.500      0.339      42.484      696.502      696.439      0.063      0.622
3.000      24.000      5.000      0.348      42.757      687.211      687.071      0.140      0.622
3.000      24.000      7.500      0.273      42.931      735.932      736.761      -0.828      0.622
3.000      24.000      10.000      0.351      42.999      682.384      682.237      0.147      0.622
3.000      24.000      12.500      0.515      42.951      569.702      567.776      1.926      0.622
3.000      24.000      15.000      0.338      42.781      693.752      693.737      0.015      0.622
3.000      24.000      17.500      0.417      42.480      642.757      641.785      0.972      0.622
3.000      24.000      20.000      0.376      42.041      675.967      675.410      0.557      0.622
3.000      24.000      22.500      0.453      41.455      627.968      626.489      1.480      0.622
3.000      24.000      25.000      0.317      40.711      732.119      732.125      -0.006      0.622
3.000      24.000      27.500      0.448      39.794      647.848      646.235      1.613      0.622
3.000      24.000      30.000      0.399      38.690      694.661      693.467      1.194      0.622
3.000      24.000      32.500      0.332      39.284      737.330      736.994      0.336      0.622
3.000      24.000      35.000      0.208      39.893      818.407      819.789      -1.382      0.622
3.000      24.000      37.500      0.102      40.480      883.997      887.032      -3.034      0.622
3.000      24.000      40.000      0.154      41.035      840.993      843.284      -2.291      0.622
3.000      24.000      42.500      0.321      41.547      719.733      719.783      -0.050      0.622
3.000      24.000      45.000      0.277      42.006      744.613      745.281      -0.668      0.622
3.000      24.000      47.500      0.388      42.398      663.746      663.091      0.654      0.622
3.000      24.000      50.000      0.446      42.710      620.218      618.959      1.258      0.622
3.000      25.900      -30.000      0.080      43.746      851.575      855.297      -3.722      0.622
3.000      25.900      -27.500      0.079      43.444      856.730      860.435      -3.705      0.622
3.000      25.900      -25.000      0.079      43.016      863.077      866.737      -3.659      0.622
3.000      25.900      -22.500      0.078      42.456      871.972      875.588      -3.616      0.622
3.000      25.900      -20.000      0.079      41.754      881.504      885.031      -3.527      0.622
3.000      25.900      -17.500      0.079      40.900      893.729      897.171      -3.442      0.622
3.000      25.900      -15.000      0.100      39.886      893.522      896.530      -3.008      0.622
3.000      25.900      -12.500      0.371      40.527      695.926      695.254      0.672      0.622
3.000      25.900      -10.000      0.319      41.159      725.600      725.631      -0.031      0.622
3.000      25.900      -7.500      0.408      41.747      656.784      655.826      0.958      0.622
3.000      25.900      -5.000      0.260      42.287      752.736      753.662      -0.926      0.622
3.000      25.900      -2.500      0.396      42.769      654.170      653.468      0.701      0.622
3.000      25.900      0.000      0.417      43.187      635.233      634.346      0.886      0.622
3.000      25.900      2.500      0.300      43.530      710.455      711.005      -0.550      0.622
3.000      25.900      5.000      0.274      43.789      724.512      725.430      -0.919      0.622
3.000      25.900      7.500      0.212      43.957      763.093      764.873      -1.780      0.622
3.000      25.900      10.000      0.314      44.023      695.108      695.541      -0.434      0.622
3.000      25.900      12.500      0.329      43.981      685.651      685.892      -0.242      0.622
3.000      25.900      15.000      0.407      43.822      635.146      634.449      0.697      0.622
3.000      25.900      17.500      0.284      43.539      721.012      721.769      -0.757      0.622
3.000      25.900      20.000      0.469      43.122      600.075      598.626      1.449      0.622
3.000      25.900      22.500      0.476      42.562      600.776      599.188      1.588      0.622
3.000      25.900      25.000      0.411      41.847      653.627      652.648      0.980      0.622
3.000      25.900      27.500      0.437      40.960      644.328      642.962      1.366      0.622
3.000      25.900      30.000      0.426      39.886      662.978      661.611      1.367      0.622
3.000      25.900      32.500      0.312      40.463      738.477      738.519      -0.042      0.622
3.000      25.900      35.000      0.077      41.052      892.912      896.401      -3.489      0.622
3.000      25.900      37.500      0.196      41.616      804.734      806.472      -1.737      0.622
3.000      25.900      40.000      0.149      42.147      829.297      831.782      -2.485      0.622
3.000      25.900      42.500      0.275      42.636      738.245      739.012      -0.767      0.622
3.000      25.900      45.000      0.362      43.073      674.059      673.789      0.270      0.622
3.000      25.900      47.500      0.422      43.446      629.036      628.127      0.910      0.622
3.000      25.900      50.000      0.280      43.744      721.105      721.939      -0.835      0.622
3.000      27.800      -30.000      0.080      44.826      835.253      839.097      -3.843      0.622
3.000      27.800      -27.500      0.079      44.540      840.243      844.070      -3.827      0.622
3.000      27.800      -25.000      0.080      44.132      845.776      849.541      -3.765      0.622
3.000      27.800      -22.500      0.079      43.595      854.471      858.193      -3.722      0.622
3.000      27.800      -20.000      0.079      42.920      864.501      868.150      -3.649      0.622
3.000      27.800      -17.500      0.080      42.092      875.948      879.494      -3.546      0.622
3.000      27.800      -15.000      0.080      41.107      890.107      893.553      -3.446      0.622
3.000      27.800      -12.500      0.336      41.729      707.238      707.123      0.115      0.622
3.000      27.800      -10.000      0.237      42.341      767.624      768.868      -1.244      0.622
3.000      27.800      -7.500      0.345      42.908      687.521      687.436      0.085      0.622
3.000      27.800      -5.000      0.256      43.425      741.073      742.186      -1.113      0.622
3.000      27.800      -2.500      0.411      43.887      631.740      631.007      0.734      0.622
3.000      27.800      0.000      0.382      44.285      646.778      646.424      0.354      0.622
3.000      27.800      2.500      0.367      44.612      652.980      652.843      0.137      0.622
3.000      27.800      5.000      0.314      44.860      684.838      685.377      -0.539      0.622
3.000      27.800      7.500      0.384      45.021      637.027      636.744      0.283      0.622
3.000      27.800      10.000      0.307      45.086      686.581      687.237      -0.656      0.622
3.000      27.800      12.500      0.440      45.049      599.676      598.773      0.903      0.622
3.000      27.800      15.000      0.409      44.900      621.881      621.298      0.583      0.622
3.000      27.800      17.500      0.143      44.632      798.225      801.082      -2.857      0.622
3.000      27.800      20.000      0.477      44.235      583.339      581.946      1.394      0.622
3.000      27.800      22.500      0.463      43.699      598.357      597.040      1.317      0.622
3.000      27.800      25.000      0.448      43.010      615.753      614.509      1.244      0.622
3.000      27.800      27.500      0.437      42.151      632.241      631.012      1.229      0.622
3.000      27.800      30.000      0.450      41.107      633.560      632.072      1.488      0.622
3.000      27.800      32.500      0.337      41.666      707.258      707.124      0.134      0.622
3.000      27.800      35.000      0.078      42.237      875.166      878.759      -3.593      0.622
3.000      27.800      37.500      0.216      42.780      776.049      777.634      -1.585      0.622
3.000      27.800      40.000      0.370      43.290      666.156      665.818      0.338      0.622
3.000      27.800      42.500      0.282      43.757      719.613      720.424      -0.810      0.622
3.000      27.800      45.000      0.406      44.174      631.944      631.302      0.641      0.622
3.000      27.800      47.500      0.441      44.531      604.567      603.587      0.980      0.622
3.000      27.800      50.000      0.135      44.816      800.636      803.634      -2.998      0.622
3.000      29.700      -30.000      0.081      45.939      817.497      821.455      -3.957      0.622
3.000      29.700      -27.500      0.080      45.666      822.336      826.277      -3.941      0.622
3.000      29.700      -25.000      0.080      45.277      828.345      832.241      -3.895      0.622
3.000      29.700      -22.500      0.079      44.762      836.862      840.714      -3.852      0.622
3.000      29.700      -20.000      0.081      44.110      845.467      849.213      -3.747      0.622
3.000      29.700      -17.500      0.081      43.309      857.437      861.096      -3.659      0.622
3.000      29.700      -15.000      0.081      42.353      871.505      875.063      -3.557      0.622
3.000      29.700      -12.500      0.081      42.955      862.678      866.299      -3.621      0.622
3.000      29.700      -10.000      0.235      43.547      753.406      754.818      -1.412      0.622
3.000      29.700      -7.500      0.290      44.094      710.110      710.858      -0.748      0.622
3.000      29.700      -5.000      0.328      44.591      678.955      679.286      -0.331      0.622
3.000      29.700      -2.500      0.352      45.034      657.887      657.983      -0.095      0.622
3.000      29.700      0.000      0.403      45.415      620.046      619.597      0.449      0.622
3.000      29.700      2.500      0.296      45.728      685.564      686.443      -0.879      0.622
3.000      29.700      5.000      0.421      45.965      602.088      601.511      0.577      0.622
3.000      29.700      7.500      0.410      46.120      607.476      607.042      0.434      0.622
3.000      29.700      10.000      0.349      46.184      645.961      646.243      -0.282      0.622
3.000      29.700      12.500      0.363      46.150      637.403      637.513      -0.111      0.622
3.000      29.700      15.000      0.302      46.010      678.123      678.962      -0.839      0.622
3.000      29.700      17.500      0.408      45.756      612.911      612.451      0.460      0.622
3.000      29.700      20.000      0.444      45.377      593.484      592.580      0.904      0.622
3.000      29.700      22.500      0.496      44.862      564.157      562.651      1.506      0.622
3.000      29.700      25.000      0.501      44.198      567.367      565.728      1.639      0.622
3.000      29.700      27.500      0.437      43.366      619.617      618.535      1.083      0.622
3.000      29.700      30.000      0.398      42.353      657.307      656.533      0.774      0.622
3.000      29.700      32.500      0.272      42.894      737.075      737.912      -0.837      0.622
3.000      29.700      35.000      0.187      43.447      786.363      788.436      -2.074      0.622
3.000      29.700      37.500      0.295      43.971      708.344      709.012      -0.668      0.622
3.000      29.700      40.000      0.414      44.460      623.426      622.731      0.695      0.622
3.000      29.700      42.500      0.403      44.909      625.759      625.245      0.514      0.622
3.000      29.700      45.000      0.391      45.308      629.131      628.805      0.326      0.622
3.000      29.700      47.500      0.371      45.649      638.206      638.156      0.050      0.622
3.000      29.700      50.000      0.076      45.923      820.821      824.855      -4.034      0.622
3.000      31.600      -30.000      0.082      47.081      798.980      803.060      -4.080      0.622
3.000      31.600      -27.500      0.081      46.821      803.680      807.743      -4.064      0.622
3.000      31.600      -25.000      0.081      46.449      809.541      813.559      -4.018      0.622
3.000      31.600      -22.500      0.080      45.953      817.884      821.859      -3.975      0.622
3.000      31.600      -20.000      0.081      45.325      826.987      830.872      -3.885      0.622
3.000      31.600      -17.500      0.082      44.549      838.201      841.981      -3.781      0.622
3.000      31.600      -15.000      0.082      43.621      852.160      855.837      -3.677      0.622
3.000      31.600      -12.500      0.082      44.203      843.425      847.167      -3.742      0.622
3.000      31.600      -10.000      0.126      44.777      806.919      810.048      -3.129      0.622
3.000      31.600      -7.500      0.177      45.305      766.984      769.424      -2.441      0.622
3.000      31.600      -5.000      0.216      45.784      735.643      737.593      -1.950      0.622
3.000      31.600      -2.500      0.295      46.208      680.030      680.984      -0.955      0.622
3.000      31.600      0.000      0.416      46.573      598.443      598.003      0.440      0.622
3.000      31.600      2.500      0.465      46.873      563.636      562.709      0.927      0.622
3.000      31.600      5.000      0.439      47.101      577.780      577.160      0.620      0.622
3.000      31.600      7.500      0.448      47.250      570.390      569.694      0.696      0.622
3.000      31.600      10.000      0.446      47.313      570.963      570.297      0.666      0.622
3.000      31.600      12.500      0.395      47.282      603.576      603.469      0.107      0.622
3.000      31.600      15.000      0.387      47.150      610.185      610.151      0.034      0.622
3.000      31.600      17.500      0.222      46.908      716.268      718.282      -2.014      0.622
3.000      31.600      20.000      0.184      46.545      744.881      747.377      -2.497      0.622
3.000      31.600      22.500      0.388      46.051      622.489      622.295      0.194      0.622
3.000      31.600      25.000      0.387      45.410      630.576      630.309      0.267      0.622
3.000      31.600      27.500      0.359      44.605      658.358      658.314      0.043      0.622
3.000      31.600      30.000      0.187      43.621      783.992      786.086      -2.094      0.622
3.000      31.600      32.500      0.245      44.144      739.044      740.393      -1.348      0.622
3.000      31.600      35.000      0.335      44.679      673.288      673.544      -0.256      0.622
3.000      31.600      37.500      0.308      45.185      684.695      685.351      -0.656      0.622
3.000      31.600      40.000      0.379      45.657      632.923      632.780      0.142      0.622
3.000      31.600      42.500      0.401      46.087      613.672      613.334      0.337      0.622
3.000      31.600      45.000      0.372      46.470      627.814      627.861      -0.047      0.622
3.000      31.600      47.500      0.238      46.797      707.909      709.691      -1.781      0.622
3.000      31.600      50.000      0.268      47.060      685.734      687.152      -1.417      0.622
3.000      33.500      -30.000      0.082      48.250      780.314      784.540      -4.227      0.622
3.000      33.500      -27.500      0.083      48.002      783.709      787.889      -4.180      0.622
3.000      33.500      -25.000      0.083      47.645      789.425      793.560      -4.135      0.622
3.000      33.500      -22.500      0.082      47.168      797.597      801.687      -4.091      0.622
3.000      33.500      -20.000      0.082      46.562      807.159      811.176      -4.017      0.622
3.000      33.500      -17.500      0.082      45.811      818.865      822.792      -3.927      0.622
3.000      33.500      -15.000      0.083      44.910      832.077      835.883      -3.806      0.622
3.000      33.500      -12.500      0.084      45.474      822.828      826.684      -3.856      0.622
3.000      33.500      -10.000      0.084      46.029      814.243      818.164      -3.921      0.622
3.000      33.500      -7.500      0.186      46.539      743.738      746.205      -2.468      0.622
3.000      33.500      -5.000      0.224      47.000      713.749      715.748      -1.998      0.622
3.000      33.500      -2.500      0.320      47.408      648.923      649.726      -0.802      0.622
3.000      33.500      0.000      0.316      47.758      646.877      647.778      -0.900      0.622
3.000      33.500      2.500      0.380      48.046      603.790      603.961      -0.171      0.622
3.000      33.500      5.000      0.412      48.265      581.385      581.223      0.162      0.622
3.000      33.500      7.500      0.487      48.408      533.142      532.201      0.941      0.622
3.000      33.500      10.000      0.392      48.470      591.265      591.359      -0.093      0.622
3.000      33.500      12.500      0.105      48.442      763.752      767.653      -3.901      0.622
3.000      33.500      15.000      0.083      48.317      778.643      782.863      -4.220      0.622
3.000      33.500      17.500      0.083      48.086      782.362      786.553      -4.190      0.622
3.000      33.500      20.000      0.084      47.739      787.333      791.464      -4.131      0.622
3.000      33.500      22.500      0.125      47.263      770.244      773.693      -3.449      0.622
3.000      33.500      25.000      0.085      46.644      804.040      808.020      -3.980      0.622
3.000      33.500      27.500      0.084      45.865      816.792      820.694      -3.902      0.622
3.000      33.500      30.000      0.083      44.910      832.077      835.883      -3.806      0.622
3.000      33.500      32.500      0.083      45.415      824.347      828.211      -3.865      0.622
3.000      33.500      35.000      0.116      45.934      795.958      799.377      -3.419      0.622
3.000      33.500      37.500      0.254      46.423      703.036      704.553      -1.517      0.622
3.000      33.500      40.000      0.348      46.876      638.099      638.486      -0.387      0.622
3.000      33.500      42.500      0.387      47.290      608.516      608.502      0.015      0.622
3.000      33.500      45.000      0.260      47.658      682.555      684.159      -1.604      0.622
3.000      33.500      47.500      0.254      47.972      681.891      683.617      -1.726      0.622
3.000      33.500      50.000      0.207      48.225      706.627      709.024      -2.397      0.622
3.000      35.400      -30.000      0.082      49.444      760.905      765.286      -4.382      0.622
3.000      35.400      -27.500      0.083      49.207      764.212      768.547      -4.335      0.622
3.000      35.400      -25.000      0.084      48.863      769.223      773.498      -4.275      0.622
3.000      35.400      -22.500      0.082      48.405      777.813      782.060      -4.247      0.622
3.000      35.400      -20.000      0.083      47.819      786.636      790.793      -4.157      0.622
3.000      35.400      -17.500      0.082      47.093      798.789      802.870      -4.081      0.622
3.000      35.400      -15.000      0.083      46.221      811.876      815.836      -3.960      0.622
3.000      35.400      -12.500      0.085      46.764      802.157      806.152      -3.995      0.622
3.000      35.400      -10.000      0.086      47.302      793.081      797.126      -4.046      0.622
3.000      35.400      -7.500      0.085      47.794      785.856      789.978      -4.123      0.622
3.000      35.400      -5.000      0.149      48.238      740.988      744.210      -3.222      0.622
3.000      35.400      -2.500      0.167      48.631      724.390      727.405      -3.015      0.622
3.000      35.400      0.000      0.227      48.967      684.022      686.249      -2.226      0.622
3.000      35.400      2.500      0.321      49.244      624.442      625.491      -1.049      0.622
3.000      35.400      5.000      0.324      49.454      619.885      620.927      -1.042      0.622
3.000      35.400      7.500      0.295      49.593      635.172      636.597      -1.425      0.622
3.000      35.400      10.000      0.317      49.653      621.396      622.554      -1.158      0.622
3.000      35.400      12.500      0.085      49.627      756.177      760.538      -4.360      0.622
3.000      35.400      15.000      0.084      49.509      758.694      763.054      -4.360      0.622
3.000      35.400      17.500      0.085      49.288      761.736      766.052      -4.315      0.622
3.000      35.400      20.000      0.085      48.955      767.165      771.436      -4.272      0.622
3.000      35.400      22.500      0.085      48.497      774.577      778.789      -4.212      0.622
3.000      35.400      25.000      0.118      47.900      764.601      768.236      -3.635      0.622
3.000      35.400      27.500      0.085      47.146      796.150      800.192      -4.042      0.622
3.000      35.400      30.000      0.085      46.221      810.651      814.580      -3.929      0.622
3.000      35.400      32.500      0.120      46.708      781.765      785.219      -3.454      0.622
3.000      35.400      35.000      0.085      47.209      795.144      799.193      -4.050      0.622
3.000      35.400      37.500      0.296      47.681      660.188      661.329      -1.141      0.622
3.000      35.400      40.000      0.361      48.118      614.620      615.024      -0.404      0.622
3.000      35.400      42.500      0.351      48.517      615.752      616.331      -0.580      0.622
3.000      35.400      45.000      0.263      48.870      664.047      665.780      -1.733      0.622
3.000      35.400      47.500      0.226      49.172      681.657      683.925      -2.269      0.622
3.000      35.400      50.000      0.202      49.416      692.136      694.768      -2.631      0.622
3.000      37.300      -30.000      0.083      50.660      740.223      744.753      -4.530      0.622
3.000      37.300      -27.500      0.083      50.433      744.003      748.502      -4.499      0.622
3.000      37.300      -25.000      0.085      50.103      748.342      752.767      -4.424      0.622
3.000      37.300      -22.500      0.084      49.662      756.184      760.565      -4.380      0.622
3.000      37.300      -20.000      0.083      49.097      766.004      770.325      -4.321      0.622
3.000      37.300      -17.500      0.083      48.394      777.398      781.628      -4.230      0.622
3.000      37.300      -15.000      0.083      47.551      790.923      795.046      -4.123      0.622
3.000      37.300      -12.500      0.086      48.074      780.785      784.927      -4.143      0.622
3.000      37.300      -10.000      0.087      48.594      771.843      776.037      -4.194      0.622
3.000      37.300      -7.500      0.103      49.069      754.919      758.932      -4.014      0.622
3.000      37.300      -5.000      0.185      49.497      700.805      703.684      -2.880      0.622
3.000      37.300      -2.500      0.136      49.875      723.150      726.783      -3.634      0.622
3.000      37.300      0.000      0.087      50.199      745.645      750.052      -4.407      0.622
3.000      37.300      2.500      0.093      50.464      737.896      742.248      -4.352      0.622
3.000      37.300      5.000      0.093      50.667      734.551      738.931      -4.380      0.622
3.000      37.300      7.500      0.110      50.800      722.903      727.048      -4.145      0.622
3.000      37.300      10.000      0.164      50.859      691.857      695.227      -3.369      0.622
3.000      37.300      12.500      0.086      50.836      735.624      740.133      -4.509      0.622
3.000      37.300      15.000      0.157      50.723      697.913      701.362      -3.450      0.622
3.000      37.300      17.500      0.086      50.512      741.021      745.485      -4.464      0.622
3.000      37.300      20.000      0.086      50.192      746.321      750.742      -4.421      0.622
3.000      37.300      22.500      0.131      49.751      727.958      731.648      -3.690      0.622
3.000      37.300      25.000      0.091      49.175      760.129      764.338      -4.209      0.622
3.000      37.300      27.500      0.096      48.446      768.966      773.004      -4.038      0.622
3.000      37.300      30.000      0.218      47.551      709.661      711.815      -2.154      0.622
3.000      37.300      32.500      0.187      48.019      721.617      724.265      -2.648      0.622
3.000      37.300      35.000      0.170      48.504      724.525      727.480      -2.955      0.622
3.000      37.300      37.500      0.237      48.959      678.228      680.318      -2.090      0.622
3.000      37.300      40.000      0.227      49.381      678.057      680.342      -2.285      0.622
3.000      37.300      42.500      0.232      49.764      669.592      671.863      -2.272      0.622
3.000      37.300      45.000      0.184      50.104      692.186      695.165      -2.979      0.622
3.000      37.300      47.500      0.228      50.395      662.696      665.113      -2.417      0.622
3.000      37.300      50.000      0.139      50.630      709.476      713.171      -3.695      0.622
3.000      39.200      -30.000      0.085      51.896      718.341      723.012      -4.671      0.622
3.000      39.200      -27.500      0.087      51.679      720.934      725.545      -4.611      0.622
3.000      39.200      -25.000      0.085      51.362      727.352      731.949      -4.597      0.622
3.000      39.200      -22.500      0.085      50.937      734.478      739.016      -4.538      0.622
3.000      39.200      -20.000      0.084      50.393      744.111      748.590      -4.478      0.622
3.000      39.200      -17.500      0.084      49.714      755.323      759.710      -4.387      0.622
3.000      39.200      -15.000      0.084      48.899      768.649      772.929      -4.280      0.622
3.000      39.200      -12.500      0.085      49.402      759.865      764.196      -4.331      0.622
3.000      39.200      -10.000      0.087      49.904      750.493      754.860      -4.367      0.622
3.000      39.200      -7.500      0.174      50.362      693.931      697.087      -3.157      0.622
3.000      39.200      -5.000      0.173      50.775      688.127      691.357      -3.230      0.622
3.000      39.200      -2.500      0.224      51.138      653.979      656.559      -2.580      0.622
3.000      39.200      0.000      0.116      51.450      708.952      713.100      -4.148      0.622
3.000      39.200      2.500      0.090      51.705      718.862      723.432      -4.570      0.622
3.000      39.200      5.000      0.089      51.900      716.117      720.729      -4.612      0.622
3.000      39.200      7.500      0.089      52.029      713.937      718.567      -4.630      0.622
3.000      39.200      10.000      0.089      52.086      712.971      717.609      -4.638      0.622
3.000      39.200      12.500      0.088      52.065      713.870      718.520      -4.650      0.622
3.000      39.200      15.000      0.086      51.957      716.765      721.431      -4.665      0.622
3.000      39.200      17.500      0.087      51.755      719.647      724.268      -4.622      0.622
3.000      39.200      20.000      0.087      51.448      724.822      729.400      -4.579      0.622
3.000      39.200      22.500      0.140      51.024      702.625      706.362      -3.737      0.622
3.000      39.200      25.000      0.087      50.468      741.176      745.620      -4.443      0.622
3.000      39.200      27.500      0.159      49.764      711.718      715.004      -3.286      0.622
3.000      39.200      30.000      0.173      48.899      716.814      719.781      -2.966      0.622
3.000      39.200      32.500      0.244      49.348      668.557      670.609      -2.052      0.622
3.000      39.200      35.000      0.234      49.817      667.667      669.919      -2.253      0.622
3.000      39.200      37.500      0.233      50.256      661.867      664.197      -2.330      0.622
3.000      39.200      40.000      0.193      50.662      678.591      681.525      -2.934      0.622
3.000      39.200      42.500      0.197      51.031      670.723      673.655      -2.933      0.622
3.000      39.200      45.000      0.208      51.359      659.609      662.439      -2.830      0.622
3.000      39.200      47.500      0.174      51.638      674.106      677.448      -3.342      0.622
3.000      39.200      50.000      0.085      51.864      718.881      723.548      -4.667      0.622
