   10    3    1
z   1   1.00000   0.00264   0.34770   1.00000   0.37250   0.13876   0.05169   0.01925
                  0.00404   0.40340   1.00000   0.44780   0.20052   0.08980   0.04021
                  0.00407   0.36370   1.00000   0.55280   0.30559   0.16893   0.09338
                  0.00390   0.39710   1.00000   0.63140   0.39867   0.25172   0.15893
                  0.00561   0.46350   1.00000   0.62030   0.38477   0.23867   0.14805
                  0.00597   0.49850   1.00000   0.64040   0.41011   0.26264   0.16819
                  0.00724   0.46410   1.00000   0.62540   0.39113   0.24461   0.15298
                  0.00544   0.36410   1.00000   0.71350   0.50908   0.36323   0.25916
                  0.00350   0.40870   1.00000   0.81020   0.65642   0.53183   0.43089
                  0.00576   0.62000   1.00000   0.78090   0.60980   0.47620   0.37186
                  0.00543   0.73280   1.00000   0.79170   0.62679   0.49623   0.39286
                  0.00632   0.84520   1.00000   0.76580   0.58645   0.44910   0.34392
                  0.00712   0.91680   1.00000   0.73310   0.53744   0.39399   0.28884
                  0.00742   0.93340   1.00000   0.72360   0.52360   0.37887   0.27415
                  0.00757   0.93460   1.00000   0.72280   0.52244   0.37762   0.27294
                  0.00799   0.86710   1.00000   0.74000   0.54760   0.40522   0.29987
z   4   1.00000   0.00264   0.34770   1.00000   0.37250   0.13876   0.05169   0.01925
                  0.00404   0.40340   1.00000   0.44780   0.20052   0.08980   0.04021
                  0.00407   0.36370   1.00000   0.55280   0.30559   0.16893   0.09338
                  0.00390   0.39710   1.00000   0.63140   0.39867   0.25172   0.15893
                  0.00561   0.46350   1.00000   0.62030   0.38477   0.23867   0.14805
                  0.00597   0.49850   1.00000   0.64040   0.41011   0.26264   0.16819
                  0.00724   0.46410   1.00000   0.62540   0.39113   0.24461   0.15298
                  0.00544   0.36410   1.00000   0.71350   0.50908   0.36323   0.25916
                  0.00350   0.40870   1.00000   0.81020   0.65642   0.53183   0.43089
                  0.00576   0.62000   1.00000   0.78090   0.60980   0.47620   0.37186
                  0.00543   0.73280   1.00000   0.79170   0.62679   0.49623   0.39286
                  0.00632   0.84520   1.00000   0.76580   0.58645   0.44910   0.34392
                  0.00712   0.91680   1.00000   0.73310   0.53744   0.39399   0.28884
                  0.00742   0.93340   1.00000   0.72360   0.52360   0.37887   0.27415
                  0.00757   0.93460   1.00000   0.72280   0.52244   0.37762   0.27294
                  0.00799   0.86710   1.00000   0.74000   0.54760   0.40522   0.29987
z   5   1.00000   0.00527   0.34770   1.00000   0.37250   0.13876   0.05169   0.01925
                  0.00808   0.40340   1.00000   0.44780   0.20052   0.08980   0.04021
                  0.00814   0.36370   1.00000   0.55280   0.30559   0.16893   0.09338
                  0.00780   0.39710   1.00000   0.63140   0.39867   0.25172   0.15893
                  0.01121   0.46350   1.00000   0.62030   0.38477   0.23867   0.14805
                  0.01194   0.49850   1.00000   0.64040   0.41011   0.26264   0.16819
                  0.01449   0.46410   1.00000   0.62540   0.39113   0.24461   0.15298
                  0.01088   0.36410   1.00000   0.71350   0.50908   0.36323   0.25916
                  0.00700   0.40870   1.00000   0.81020   0.65642   0.53183   0.43089
                  0.01153   0.62000   1.00000   0.78090   0.60980   0.47620   0.37186
                  0.01087   0.73280   1.00000   0.79170   0.62679   0.49623   0.39286
                  0.01263   0.84520   1.00000   0.76580   0.58645   0.44910   0.34392
                  0.01424   0.91680   1.00000   0.73310   0.53744   0.39399   0.28884
                  0.01485   0.93340   1.00000   0.72360   0.52360   0.37887   0.27415
                  0.01514   0.93460   1.00000   0.72280   0.52244   0.37762   0.27294
                  0.01597   0.86710   1.00000   0.74000   0.54760   0.40522   0.29987
z   6   1.00000   0.00264   0.34770   1.00000   0.37250   0.13876   0.05169   0.01925
                  0.00404   0.40340   1.00000   0.44780   0.20052   0.08980   0.04021
                  0.00407   0.36370   1.00000   0.55280   0.30559   0.16893   0.09338
                  0.00390   0.39710   1.00000   0.63140   0.39867   0.25172   0.15893
                  0.00561   0.46350   1.00000   0.62030   0.38477   0.23867   0.14805
                  0.00597   0.49850   1.00000   0.64040   0.41011   0.26264   0.16819
                  0.00724   0.46410   1.00000   0.62540   0.39113   0.24461   0.15298
                  0.00544   0.36410   1.00000   0.71350   0.50908   0.36323   0.25916
                  0.00350   0.40870   1.00000   0.81020   0.65642   0.53183   0.43089
                  0.00576   0.62000   1.00000   0.78090   0.60980   0.47620   0.37186
                  0.00543   0.73280   1.00000   0.79170   0.62679   0.49623   0.39286
                  0.00632   0.84520   1.00000   0.76580   0.58645   0.44910   0.34392
                  0.00712   0.91680   1.00000   0.73310   0.53744   0.39399   0.28884
                  0.00742   0.93340   1.00000   0.72360   0.52360   0.37887   0.27415
                  0.00757   0.93460   1.00000   0.72280   0.52244   0.37762   0.27294
                  0.00799   0.86710   1.00000   0.74000   0.54760   0.40522   0.29987
%