NUMANGS:  0
NSTR:  4
  LAY  BAND   WVN1    WVN2       EXT OD    SUM(EXT OD)      SSA       ASYM  FAC 
                                                                     BY BLOCK 
    1   1    10.0   350.0  0.26400E-02  0.26400E-02  0.34770E+00  0.37250E+00
    1   2   350.0   500.0  0.40400E-02  0.40400E-02  0.40340E+00  0.44780E+00
    1   3   500.0   630.0  0.40700E-02  0.40700E-02  0.36370E+00  0.55280E+00
    1   4   630.0   700.0  0.39000E-02  0.39000E-02  0.39710E+00  0.63140E+00
    1   5   700.0   820.0  0.56100E-02  0.56100E-02  0.46350E+00  0.62030E+00
    1   6   820.0   980.0  0.59700E-02  0.59700E-02  0.49850E+00  0.64040E+00
    1   7   980.0  1080.0  0.72400E-02  0.72400E-02  0.46410E+00  0.62540E+00
    1   8  1080.0  1180.0  0.54400E-02  0.54400E-02  0.36410E+00  0.71350E+00
    1   9  1180.0  1390.0  0.35000E-02  0.35000E-02  0.40870E+00  0.81020E+00
    1  10  1390.0  1480.0  0.57600E-02  0.57600E-02  0.62000E+00  0.78090E+00
    1  11  1480.0  1800.0  0.54300E-02  0.54300E-02  0.73280E+00  0.79170E+00
    1  12  1800.0  2080.0  0.63200E-02  0.63200E-02  0.84520E+00  0.76580E+00
    1  13  2080.0  2250.0  0.71200E-02  0.71200E-02  0.91680E+00  0.73310E+00
    1  14  2250.0  2380.0  0.74200E-02  0.74200E-02  0.93340E+00  0.72360E+00
    1  15  2380.0  2600.0  0.75700E-02  0.75700E-02  0.93460E+00  0.72280E+00
    1  16  2600.0  3250.0  0.79900E-02  0.79900E-02  0.86710E+00  0.74000E+00
    4   1    10.0   350.0  0.26400E-02  0.26400E-02  0.34770E+00  0.37250E+00
    4   2   350.0   500.0  0.40400E-02  0.40400E-02  0.40340E+00  0.44780E+00
    4   3   500.0   630.0  0.40700E-02  0.40700E-02  0.36370E+00  0.55280E+00
    4   4   630.0   700.0  0.39000E-02  0.39000E-02  0.39710E+00  0.63140E+00
    4   5   700.0   820.0  0.56100E-02  0.56100E-02  0.46350E+00  0.62030E+00
    4   6   820.0   980.0  0.59700E-02  0.59700E-02  0.49850E+00  0.64040E+00
    4   7   980.0  1080.0  0.72400E-02  0.72400E-02  0.46410E+00  0.62540E+00
    4   8  1080.0  1180.0  0.54400E-02  0.54400E-02  0.36410E+00  0.71350E+00
    4   9  1180.0  1390.0  0.35000E-02  0.35000E-02  0.40870E+00  0.81020E+00
    4  10  1390.0  1480.0  0.57600E-02  0.57600E-02  0.62000E+00  0.78090E+00
    4  11  1480.0  1800.0  0.54300E-02  0.54300E-02  0.73280E+00  0.79170E+00
    4  12  1800.0  2080.0  0.63200E-02  0.63200E-02  0.84520E+00  0.76580E+00
    4  13  2080.0  2250.0  0.71200E-02  0.71200E-02  0.91680E+00  0.73310E+00
    4  14  2250.0  2380.0  0.74200E-02  0.74200E-02  0.93340E+00  0.72360E+00
    4  15  2380.0  2600.0  0.75700E-02  0.75700E-02  0.93460E+00  0.72280E+00
    4  16  2600.0  3250.0  0.79900E-02  0.79900E-02  0.86710E+00  0.74000E+00
    5   1    10.0   350.0  0.52700E-02  0.79100E-02  0.34770E+00  0.37250E+00
    5   2   350.0   500.0  0.80800E-02  0.12120E-01  0.40340E+00  0.44780E+00
    5   3   500.0   630.0  0.81400E-02  0.12210E-01  0.36370E+00  0.55280E+00
    5   4   630.0   700.0  0.78000E-02  0.11700E-01  0.39710E+00  0.63140E+00
    5   5   700.0   820.0  0.11210E-01  0.16820E-01  0.46350E+00  0.62030E+00
    5   6   820.0   980.0  0.11940E-01  0.17910E-01  0.49850E+00  0.64040E+00
    5   7   980.0  1080.0  0.14490E-01  0.21730E-01  0.46410E+00  0.62540E+00
    5   8  1080.0  1180.0  0.10880E-01  0.16320E-01  0.36410E+00  0.71350E+00
    5   9  1180.0  1390.0  0.70000E-02  0.10500E-01  0.40870E+00  0.81020E+00
    5  10  1390.0  1480.0  0.11530E-01  0.17290E-01  0.62000E+00  0.78090E+00
    5  11  1480.0  1800.0  0.10870E-01  0.16300E-01  0.73280E+00  0.79170E+00
    5  12  1800.0  2080.0  0.12630E-01  0.18950E-01  0.84520E+00  0.76580E+00
    5  13  2080.0  2250.0  0.14240E-01  0.21360E-01  0.91680E+00  0.73310E+00
    5  14  2250.0  2380.0  0.14850E-01  0.22270E-01  0.93340E+00  0.72360E+00
    5  15  2380.0  2600.0  0.15140E-01  0.22710E-01  0.93460E+00  0.72280E+00
    5  16  2600.0  3250.0  0.15970E-01  0.23960E-01  0.86710E+00  0.74000E+00
    6   1    10.0   350.0  0.26400E-02  0.10550E-01  0.34770E+00  0.37250E+00
    6   2   350.0   500.0  0.40400E-02  0.16160E-01  0.40340E+00  0.44780E+00
    6   3   500.0   630.0  0.40700E-02  0.16280E-01  0.36370E+00  0.55280E+00
    6   4   630.0   700.0  0.39000E-02  0.15600E-01  0.39710E+00  0.63140E+00
    6   5   700.0   820.0  0.56100E-02  0.22430E-01  0.46350E+00  0.62030E+00
    6   6   820.0   980.0  0.59700E-02  0.23880E-01  0.49850E+00  0.64040E+00
    6   7   980.0  1080.0  0.72400E-02  0.28970E-01  0.46410E+00  0.62540E+00
    6   8  1080.0  1180.0  0.54400E-02  0.21760E-01  0.36410E+00  0.71350E+00
    6   9  1180.0  1390.0  0.35000E-02  0.14000E-01  0.40870E+00  0.81020E+00
    6  10  1390.0  1480.0  0.57600E-02  0.23050E-01  0.62000E+00  0.78090E+00
    6  11  1480.0  1800.0  0.54300E-02  0.21730E-01  0.73280E+00  0.79170E+00
    6  12  1800.0  2080.0  0.63200E-02  0.25270E-01  0.84520E+00  0.76580E+00
    6  13  2080.0  2250.0  0.71200E-02  0.28480E-01  0.91680E+00  0.73310E+00
    6  14  2250.0  2380.0  0.74200E-02  0.29690E-01  0.93340E+00  0.72360E+00
    6  15  2380.0  2600.0  0.75700E-02  0.30280E-01  0.93460E+00  0.72280E+00
    6  16  2600.0  3250.0  0.79900E-02  0.31950E-01  0.86710E+00  0.74000E+00
