
 The downwelling direct and diffuse fluxes have been computed using the delta-M scaling approximation.
 Wavenumbers:   820. - 50000. cm-1
 LEVEL PRESSURE   UPWARD FLUX   DIFDOWN FLUX  DIRDOWN FLUX  DOWNWARD FLUX   NET FLUX    HEATING RATE
          mb          W/m2          W/m2          W/m2        W/m2          W/m2       degree/day
  30    0.7980      144.2183        0.0000     1323.1921     1323.1921    1178.973860       0.00000
  29     1.490      144.2093        0.0727     1319.7339     1319.8066    1175.597261      41.18948
  28     2.870      144.2312        0.2042     1313.8327     1314.0369    1169.805697      35.42198
  27     5.749      144.3162        0.4680     1307.9117     1308.3797    1164.063520      16.82844
  26     12.00      144.4784        1.0224     1301.5476     1302.5700    1158.091635       8.06482
  25     25.50      144.6989        2.1946     1293.6533     1295.8479    1151.148913       4.34069
  24     29.70      144.7438        2.5533     1291.7900     1294.3433    1149.599489       3.11378
  23     34.69      144.7779        2.9717     1289.8458     1292.8175    1148.039613       2.63325
  22     40.49      144.7944        3.4600     1287.8098     1291.2698    1146.475302       2.27644
  21     47.29      144.7797        4.0302     1285.6935     1289.7237    1144.944081       1.90062
  20     55.29      144.7241        4.6963     1283.4743     1288.1705    1143.446429       1.58011
  19     64.69      144.6142        5.4728     1281.1375     1286.6104    1141.996214       1.30218
  18     75.69      144.4309        6.3764     1278.6768     1285.0532    1140.622317       1.05421
  17     88.49      144.1586        7.4260     1276.0535     1283.4794    1139.320818       0.85821
  16     104.0      143.7764        8.6469     1273.2013     1281.8482    1138.071755       0.68019
  15     121.0      143.2724       10.0587     1270.0700     1280.1287    1136.856283       0.60344
  14     142.0      142.6369       11.6846     1266.5782     1278.2629    1135.626000       0.49451
  13     166.0      141.8436       13.5563     1262.5808     1276.1372    1134.293547       0.46859
  12     194.0      140.8691       15.6984     1257.8363     1273.5346    1132.665556       0.49075
  11     227.0      139.6728       18.1429     1252.1004     1270.2433    1130.570459       0.53587
  10     265.0      138.2223       20.8837     1245.0268     1265.9105    1127.688294       0.64017
   9     308.0      136.5131       23.8832     1235.8203     1259.7036    1123.190510       0.88284
   8     355.9      134.5251       27.1324     1222.9846     1250.1170    1115.591900       1.33609
   7     410.9      132.2322       30.6199     1206.9076     1237.5275    1105.295249       1.58011
   6     471.9      129.6051       34.3265     1188.4679     1222.7944    1093.189234       1.67499
   5     539.9      126.6203       38.2191     1167.2155     1205.4346    1078.814312       1.78418
   4     616.9      123.2590       42.2605     1142.9993     1185.2598    1062.000762       1.84297
   3     700.9      119.5383       46.3951     1115.7441     1162.1392    1042.600908       1.94918
   2     794.9      115.5353       50.5511     1085.9296     1136.4807    1020.945342       1.94440
   1     898.9      111.4560       54.6465     1054.5114     1109.1578     997.701873       1.88629
   0     1010.      108.0828       58.5707     1022.2569     1080.8276     972.744892       1.89755


 The downwelling direct and diffuse fluxes have been computed using the delta-M scaling approximation.
 Wavenumbers:  2600. -  3250. cm-1
 LEVEL PRESSURE   UPWARD FLUX   DIFDOWN FLUX  DIRDOWN FLUX  DOWNWARD FLUX   NET FLUX    HEATING RATE
          mb          W/m2          W/m2          W/m2        W/m2          W/m2       degree/day
  30    0.7980        0.5345        0.0000       11.7110       11.7110      11.176528       0.00000
  29     1.490        0.5345        0.0000       11.7058       11.7058      11.171326       0.06345
  28     2.870        0.5345        0.0000       11.6974       11.6974      11.162901       0.05152
  27     5.749        0.5345        0.0000       11.6849       11.6849      11.150377       0.03671
  26     12.00        0.5345        0.0000       11.6672       11.6672      11.132695       0.02388
  25     25.50        0.5345        0.0000       11.6393       11.6393      11.104778       0.01745
  24     29.70        0.5345        0.0000       11.6314       11.6315      11.096953       0.01573
  23     34.69        0.5345        0.0000       11.6225       11.6225      11.088016       0.01509
  22     40.49        0.5345        0.0000       11.6123       11.6123      11.077789       0.01488
  21     47.29        0.5345        0.0000       11.6006       11.6006      11.066096       0.01451
  20     55.29        0.5345        0.0000       11.5872       11.5872      11.052695       0.01414
  19     64.69        0.5345        0.0000       11.5719       11.5719      11.037346       0.01378
  18     75.69        0.5346        0.0000       11.5544       11.5544      11.019818       0.01345
  17     88.49        0.5346        0.0000       11.5344       11.5345      10.999860       0.01316
  16     104.0        0.5346        0.0000       11.5106       11.5107      10.976023       0.01298
  15     121.0        0.5347        0.0000       11.4837       11.4837      10.949019       0.01341
  14     142.0        0.5347        0.0001       11.4532       11.4532      10.918470       0.01228
  13     166.0        0.5348        0.0001       11.4179       11.4179      10.883114       0.01243
  12     194.0        0.5350        0.0001       11.3757       11.3757      10.840765       0.01277
  11     227.0        0.5352        0.0001       11.3228       11.3228      10.787666       0.01358
  10     265.0        0.5355        0.0001       11.2521       11.2522      10.716637       0.01578
   9     308.0        0.5361        0.0001       11.1528       11.1529      10.616786       0.01960
   8     355.9        0.5372        0.0001       11.0015       11.0017      10.464444       0.02679
   7     410.9        0.5390        0.0001       10.7922       10.7923      10.253328       0.03240
   6     471.9        0.5418        0.0002       10.5273       10.5275       9.985637       0.03704
   5     539.9        0.5464        0.0002       10.1934       10.1936       9.647168       0.04201
   4     616.9        0.5539        0.0002        9.7683        9.7685       9.214596       0.04742
   3     700.9        0.5668        0.0002        9.2277        9.2279       8.661111       0.05561
   2     794.9        0.5891        0.0002        8.5934        8.5936       8.004481       0.05896
   1     898.9        0.6298        0.0002        7.9000        7.9002       7.270411       0.05957
   0     1010.        0.7180        0.0002        7.1796        7.1798       6.461818       0.06148


 The downwelling direct and diffuse fluxes have been computed using the delta-M scaling approximation.
 Wavenumbers:  3250. -  4000. cm-1
 LEVEL PRESSURE   UPWARD FLUX   DIFDOWN FLUX  DIRDOWN FLUX  DOWNWARD FLUX   NET FLUX    HEATING RATE
          mb          W/m2          W/m2          W/m2        W/m2          W/m2       degree/day
  30    0.7980        0.0234        0.0000       19.6948       19.6948      19.671466       0.00000
  29     1.490        0.0234        0.0000       19.5956       19.5956      19.572267       1.21008
  28     2.870        0.0234        0.0000       19.5209       19.5209      19.497503       0.45727
  27     5.749        0.0234        0.0000       19.4136       19.4137      19.390289       0.31421
  26     12.00        0.0234        0.0000       19.2067       19.2067      19.183387       0.27941
  25     25.50        0.0233        0.0000       18.7812       18.7812      18.757893       0.26603
  24     29.70        0.0233        0.0000       18.6621       18.6622      18.638827       0.23928
  23     34.69        0.0233        0.0000       18.5359       18.5359      18.512575       0.21313
  22     40.49        0.0233        0.0001       18.4012       18.4013      18.377973       0.19588
  21     47.29        0.0233        0.0001       18.2575       18.2576      18.234272       0.17837
  20     55.29        0.0233        0.0001       18.1032       18.1032      18.079938       0.16283
  19     64.69        0.0233        0.0001       17.9354       17.9355      17.912211       0.15061
  18     75.69        0.0233        0.0001       17.7517       17.7518      17.728488       0.14097
  17     88.49        0.0233        0.0001       17.5473       17.5474      17.524108       0.13477
  16     104.0        0.0232        0.0001       17.3016       17.3018      17.278526       0.13374
  15     121.0        0.0232        0.0001       17.0257       17.0259      17.002648       0.13696
  14     142.0        0.0232        0.0002       16.7201       16.7203      16.697094       0.12282
  13     166.0        0.0232        0.0002       16.3579       16.3580      16.334860       0.12739
  12     194.0        0.0232        0.0002       15.8832       15.8835      15.860306       0.14305
  11     227.0        0.0231        0.0002       15.2587       15.2590      15.235859       0.15972
  10     265.0        0.0231        0.0003       14.4434       14.4436      14.420546       0.18109
   9     308.0        0.0231        0.0003       13.3180       13.3183      13.295207       0.22088
   8     355.9        0.0231        0.0003       11.7217       11.7220      11.698880       0.28069
   7     410.9        0.0232        0.0003        9.9123        9.9125       9.889316       0.27769
   6     471.9        0.0235        0.0002        8.1993        8.1996       8.176042       0.23705
   5     539.9        0.0241        0.0002        6.6567        6.6569       6.632761       0.19155
   4     616.9        0.0254        0.0002        5.2869        5.2871       5.261713       0.15028
   3     700.9        0.0282        0.0001        4.0255        4.0256       3.997452       0.12703
   2     794.9        0.0344        0.0001        2.8708        2.8709       2.836469       0.10424
   1     898.9        0.0500        0.0001        1.8567        1.8568       1.806845       0.08356
   0     1010.        0.1077        0.0000        1.0765        1.0765       0.968859       0.06371


 The downwelling direct and diffuse fluxes have been computed using the delta-M scaling approximation.
 Wavenumbers:  4000. -  4650. cm-1
 LEVEL PRESSURE   UPWARD FLUX   DIFDOWN FLUX  DIRDOWN FLUX  DOWNWARD FLUX   NET FLUX    HEATING RATE
          mb          W/m2          W/m2          W/m2        W/m2          W/m2       degree/day
  30    0.7980        1.6287        0.0000       22.9487       22.9487      21.320048       0.00000
  29     1.490        1.6287        0.0000       22.9481       22.9481      21.319371       0.00827
  28     2.870        1.6287        0.0000       22.9467       22.9467      21.318027       0.00822
  27     5.749        1.6287        0.0000       22.9439       22.9439      21.315232       0.00819
  26     12.00        1.6287        0.0000       22.9379       22.9379      21.309258       0.00807
  25     25.50        1.6287        0.0001       22.9251       22.9252      21.296515       0.00797
  24     29.70        1.6287        0.0001       22.9212       22.9213      21.292609       0.00785
  23     34.69        1.6287        0.0001       22.9166       22.9167      21.288059       0.00768
  22     40.49        1.6287        0.0002       22.9113       22.9114      21.282757       0.00772
  21     47.29        1.6287        0.0002       22.9051       22.9052      21.276580       0.00767
  20     55.29        1.6287        0.0002       22.8979       22.8981      21.269380       0.00760
  19     64.69        1.6287        0.0002       22.8895       22.8897      21.260996       0.00753
  18     75.69        1.6287        0.0003       22.8797       22.8800      21.251246       0.00748
  17     88.49        1.6288        0.0003       22.8684       22.8687      21.239907       0.00748
  16     104.0        1.6289        0.0004       22.8544       22.8548      21.225984       0.00758
  15     121.0        1.6290        0.0005       22.8383       22.8387      21.209778       0.00805
  14     142.0        1.6291        0.0005       22.8195       22.8200      21.190913       0.00758
  13     166.0        1.6293        0.0006       22.7972       22.7978      21.168439       0.00790
  12     194.0        1.6297        0.0007       22.7699       22.7707      21.141003       0.00827
  11     227.0        1.6302        0.0009       22.7359       22.7368      21.106601       0.00880
  10     265.0        1.6310        0.0010       22.6921       22.6931      21.062187       0.00986
   9     308.0        1.6322        0.0012       22.6318       22.6330      21.000803       0.01205
   8     355.9        1.6343        0.0013       22.5393       22.5407      20.906376       0.01660
   7     410.9        1.6377        0.0015       22.4021       22.4037      20.765940       0.02155
   6     471.9        1.6426        0.0017       22.2107       22.2125      20.569895       0.02712
   5     539.9        1.6496        0.0019       21.9409       21.9429      20.293328       0.03433
   4     616.9        1.6600        0.0022       21.5631       21.5652      19.905251       0.04254
   3     700.9        1.6769        0.0024       21.0462       21.0486      19.371728       0.05361
   2     794.9        1.7061        0.0026       20.3840       20.3866      18.680493       0.06206
   1     898.9        1.7595        0.0028       19.6042       19.6070      17.847533       0.06760
   0     1010.        1.8730        0.0030       18.7269       18.7299      16.856954       0.07532


 The downwelling direct and diffuse fluxes have been computed using the delta-M scaling approximation.
 Wavenumbers:  4650. -  5150. cm-1
 LEVEL PRESSURE   UPWARD FLUX   DIFDOWN FLUX  DIRDOWN FLUX  DOWNWARD FLUX   NET FLUX    HEATING RATE
          mb          W/m2          W/m2          W/m2        W/m2          W/m2       degree/day
  30    0.7980        1.1812        0.0000       21.6896       21.6896      20.508400       0.00000
  29     1.490        1.1812        0.0000       21.6759       21.6759      20.494703       0.16708
  28     2.870        1.1812        0.0000       21.6565       21.6565      20.475329       0.11850
  27     5.749        1.1812        0.0000       21.6309       21.6309      20.449778       0.07488
  26     12.00        1.1811        0.0001       21.5951       21.5952      20.414014       0.04830
  25     25.50        1.1811        0.0001       21.5322       21.5323      20.351197       0.03927
  24     29.70        1.1811        0.0002       21.5131       21.5133      20.332170       0.03824
  23     34.69        1.1811        0.0002       21.4907       21.4909      20.309745       0.03786
  22     40.49        1.1812        0.0002       21.4642       21.4644      20.283220       0.03860
  21     47.29        1.1812        0.0003       21.4328       21.4330      20.251832       0.03896
  20     55.29        1.1812        0.0003       21.3955       21.3958      20.214593       0.03929
  19     64.69        1.1813        0.0004       21.3514       21.3517      20.170418       0.03967
  18     75.69        1.1814        0.0004       21.2991       21.2996      20.118165       0.04009
  17     88.49        1.1815        0.0005       21.2375       21.2380      20.056487       0.04067
  16     104.0        1.1817        0.0006       21.1643       21.1649      19.983187       0.03992
  15     121.0        1.1820        0.0007       21.0780       21.0787      19.896678       0.04295
  14     142.0        1.1824        0.0008       20.9762       20.9770      19.794664       0.04100
  13     166.0        1.1829        0.0009       20.8559       20.8569      19.674000       0.04243
  12     194.0        1.1836        0.0011       20.7144       20.7154      19.531893       0.04284
  11     227.0        1.1845        0.0012       20.5480       20.5493      19.364748       0.04275
  10     265.0        1.1859        0.0014       20.3551       20.3566      19.170690       0.04310
   9     308.0        1.1878        0.0016       20.1328       20.1344      18.946609       0.04398
   8     355.9        1.1910        0.0018       19.8675       19.8693      18.678358       0.04717
   7     410.9        1.1957        0.0021       19.5498       19.5519      18.356151       0.04945
   6     471.9        1.2028        0.0023       19.1696       19.1720      17.969223       0.05354
   5     539.9        1.2132        0.0026       18.7127       18.7153      17.502093       0.05798
   4     616.9        1.2288        0.0028       18.1575       18.1604      16.931601       0.06253
   3     700.9        1.2530        0.0031       17.4841       17.4872      16.234120       0.07008
   2     794.9        1.2921        0.0033       16.6860       16.6893      15.397223       0.07514
   1     898.9        1.3577        0.0035       15.7920       15.7955      14.437791       0.07786
   0     1010.        1.4848        0.0037       14.8442       14.8479      13.363153       0.08171


 The downwelling direct and diffuse fluxes have been computed using the delta-M scaling approximation.
 Wavenumbers:  5150. -  6150. cm-1
 LEVEL PRESSURE   UPWARD FLUX   DIFDOWN FLUX  DIRDOWN FLUX  DOWNWARD FLUX   NET FLUX    HEATING RATE
          mb          W/m2          W/m2          W/m2        W/m2          W/m2       degree/day
  30    0.7980        2.7294        0.0000       53.7959       53.7959      51.066448       0.00000
  29     1.490        2.7294        0.0000       53.7830       53.7830      51.053621       0.15647
  28     2.870        2.7294        0.0001       53.7595       53.7595      51.030103       0.14384
  27     5.749        2.7294        0.0001       53.7238       53.7239      50.994478       0.10440
  26     12.00        2.7294        0.0003       53.6709       53.6712      50.941766       0.07119
  25     25.50        2.7294        0.0006       53.5927       53.5933      50.863918       0.04867
  24     29.70        2.7294        0.0008       53.5741       53.5749      50.845471       0.03707
  23     34.69        2.7294        0.0009       53.5564       53.5573      50.827871       0.02971
  22     40.49        2.7294        0.0010       53.5393       53.5403      50.810886       0.02472
  21     47.29        2.7294        0.0012       53.5226       53.5238      50.794382       0.02049
  20     55.29        2.7294        0.0014       53.5061       53.5075      50.778112       0.01717
  19     64.69        2.7294        0.0016       53.4891       53.4908      50.761354       0.01505
  18     75.69        2.7294        0.0019       53.4709       53.4728      50.743353       0.01381
  17     88.49        2.7294        0.0023       53.4498       53.4520      50.722575       0.01370
  16     104.0        2.7294        0.0026       53.4238       53.4264      50.696956       0.01395
  15     121.0        2.7295        0.0031       53.3919       53.3950      50.665525       0.01560
  14     142.0        2.7295        0.0036       53.3531       53.3567      50.627224       0.01539
  13     166.0        2.7295        0.0042       53.2910       53.2952      50.565700       0.02164
  12     194.0        2.7295        0.0049       53.1674       53.1724      50.442817       0.03704
  11     227.0        2.7296        0.0057       52.9258       52.9316      50.201969       0.06160
  10     265.0        2.7297        0.0066       52.4704       52.4770      49.747303       0.10099
   9     308.0        2.7300        0.0075       51.6087       51.6162      48.886141       0.16903
   8     355.9        2.7307        0.0084       50.0366       50.0450      47.314226       0.27640
   7     410.9        2.7322        0.0092       47.9822       47.9913      45.259127       0.31537
   6     471.9        2.7348        0.0099       45.5660       45.5760      42.841136       0.33455
   5     539.9        2.7396        0.0106       42.7171       42.7278      39.988207       0.35410
   4     616.9        2.7480        0.0113       39.6526       39.6639      36.915877       0.33677
   3     700.9        2.7645        0.0120       36.6010       36.6130      33.848526       0.30819
   2     794.9        2.7974        0.0128       33.9212       33.9340      31.136583       0.24350
   1     898.9        2.8651        0.0137       31.8343       31.8481      28.982976       0.17477
   0     1010.        3.0262        0.0147       30.2468       30.2615      27.235358       0.13288


 The downwelling direct and diffuse fluxes have been computed using the delta-M scaling approximation.
 Wavenumbers:  6150. -  7700. cm-1
 LEVEL PRESSURE   UPWARD FLUX   DIFDOWN FLUX  DIRDOWN FLUX  DOWNWARD FLUX   NET FLUX    HEATING RATE
          mb          W/m2          W/m2          W/m2        W/m2          W/m2       degree/day
  30    0.7980        4.4323        0.0000       99.5439       99.5439      95.111628       0.00000
  29     1.490        4.4322        0.0001       99.5283       99.5284      95.096199       0.18821
  28     2.870        4.4321        0.0002       99.4968       99.4970      95.064965       0.19103
  27     5.749        4.4318        0.0005       99.4409       99.4414      95.009646       0.16212
  26     12.00        4.4312        0.0012       99.3465       99.3477      94.916429       0.12589
  25     25.50        4.4300        0.0027       99.2047       99.2074      94.777388       0.08693
  24     29.70        4.4297        0.0031       99.1718       99.1749      94.745250       0.06459
  23     34.69        4.4292        0.0037       99.1403       99.1440      94.714778       0.05144
  22     40.49        4.4287        0.0043       99.1099       99.1142      94.685474       0.04264
  21     47.29        4.4281        0.0050       99.0800       99.0850      94.656920       0.03544
  20     55.29        4.4274        0.0059       99.0500       99.0559      94.628509       0.02998
  19     64.69        4.4265        0.0069       99.0186       99.0255      94.598954       0.02654
  18     75.69        4.4256        0.0081       98.9845       98.9925      94.566965       0.02455
  17     88.49        4.4244        0.0094       98.9452       98.9547      94.530256       0.02421
  16     104.0        4.4231        0.0111       98.8978       98.9088      94.485724       0.02425
  15     121.0        4.4215        0.0129       98.8407       98.8536      94.432075       0.02663
  14     142.0        4.4197        0.0151       98.7723       98.7874      94.367685       0.02588
  13     166.0        4.4176        0.0177       98.6707       98.6884      94.270761       0.03409
  12     194.0        4.4152        0.0206       98.4862       98.5068      94.091629       0.05400
  11     227.0        4.4124        0.0240       98.1449       98.1689      93.756470       0.08572
  10     265.0        4.4094        0.0277       97.5053       97.5331      93.123655       0.14056
   9     308.0        4.4064        0.0317       96.2683       96.2999      91.893527       0.24145
   8     355.9        4.4040        0.0354       93.8749       93.9103      89.506238       0.41977
   7     410.9        4.4033        0.0389       90.3934       90.4323      86.028988       0.53362
   6     471.9        4.4056        0.0423       86.2394       86.2817      81.876100       0.57459
   5     539.9        4.4137        0.0452       81.2647       81.3099      76.896179       0.61810
   4     616.9        4.4331        0.0477       75.5366       75.5843      71.151212       0.62972
   3     700.9        4.4757        0.0499       69.3909       69.4408      64.965049       0.62155
   2     794.9        4.5660        0.0517       63.2523       63.3040      58.737920       0.55912
   1     898.9        4.7592        0.0534       57.5878       57.6412      52.882014       0.47523
   0     1010.        5.2616        0.0552       52.5612       52.6165      47.354812       0.42025


 The downwelling direct and diffuse fluxes have been computed using the delta-M scaling approximation.
 Wavenumbers:  7700. -  8050. cm-1
 LEVEL PRESSURE   UPWARD FLUX   DIFDOWN FLUX  DIRDOWN FLUX  DOWNWARD FLUX   NET FLUX    HEATING RATE
          mb          W/m2          W/m2          W/m2        W/m2          W/m2       degree/day
  30    0.7980        2.3278        0.0000       23.4941       23.4941      21.166229       0.00000
  29     1.490        2.3278        0.0000       23.4940       23.4941      21.166229       0.00000
  28     2.870        2.3278        0.0001       23.4939       23.4940      21.166229      -0.00000
  27     5.749        2.3277        0.0002       23.4937       23.4939      21.166229       0.00000
  26     12.00        2.3275        0.0005       23.4932       23.4937      21.166229       0.00000
  25     25.50        2.3271        0.0011       23.4922       23.4933      21.166229       0.00000
  24     29.70        2.3269        0.0013       23.4918       23.4932      21.166229      -0.00000
  23     34.69        2.3268        0.0016       23.4914       23.4930      21.166229       0.00000
  22     40.49        2.3266        0.0018       23.4910       23.4928      21.166229      -0.00000
  21     47.29        2.3264        0.0022       23.4905       23.4926      21.166229       0.00000
  20     55.29        2.3262        0.0025       23.4899       23.4924      21.166229      -0.00000
  19     64.69        2.3259        0.0030       23.4891       23.4921      21.166229       0.00000
  18     75.69        2.3255        0.0035       23.4883       23.4918      21.166229      -0.00000
  17     88.49        2.3251        0.0041       23.4873       23.4914      21.166229      -0.00000
  16     104.0        2.3247        0.0047       23.4861       23.4909      21.166225       0.00000
  15     121.0        2.3241        0.0056       23.4848       23.4903      21.166220       0.00000
  14     142.0        2.3235        0.0065       23.4832       23.4897      21.166215       0.00000
  13     166.0        2.3227        0.0076       23.4813       23.4889      21.166205       0.00000
  12     194.0        2.3219        0.0089       23.4791       23.4881      21.166186       0.00001
  11     227.0        2.3209        0.0104       23.4766       23.4870      21.166143       0.00001
  10     265.0        2.3197        0.0122       23.4736       23.4857      21.166044       0.00002
   9     308.0        2.3184        0.0142       23.4700       23.4842      21.165784       0.00005
   8     355.9        2.3170        0.0164       23.4656       23.4820      21.165048       0.00013
   7     410.9        2.3154        0.0189       23.4599       23.4788      21.163372       0.00026
   6     471.9        2.3139        0.0217       23.4523       23.4740      21.160121       0.00045
   5     539.9        2.3124        0.0248       23.4416       23.4664      21.153974       0.00076
   4     616.9        2.3113        0.0282       23.4257       23.4539      21.142655       0.00124
   3     700.9        2.3110        0.0320       23.4013       23.4333      21.122291       0.00205
   2     794.9        2.3125        0.0362       23.3632       23.3994      21.086916       0.00318
   1     898.9        2.3171        0.0407       23.3060       23.3467      21.029592       0.00465
   0     1010.        2.3270        0.0456       23.2244       23.2700      20.942980       0.00659


 The downwelling direct and diffuse fluxes have been computed using the delta-M scaling approximation.
 Wavenumbers:  8050. - 12850. cm-1
 LEVEL PRESSURE   UPWARD FLUX   DIFDOWN FLUX  DIRDOWN FLUX  DOWNWARD FLUX   NET FLUX    HEATING RATE
          mb          W/m2          W/m2          W/m2        W/m2          W/m2       degree/day
  30    0.7980       27.7521        0.0000      334.3636      334.3636     306.611545       0.00000
  29     1.490       27.7510        0.0016      334.3609      334.3625     306.611545      -0.00000
  28     2.870       27.7488        0.0047      334.3557      334.3603     306.611545      -0.00000
  27     5.749       27.7442        0.0111      334.3446      334.3558     306.611545      -0.00000
  26     12.00       27.7344        0.0250      334.3209      334.3460     306.611545       0.00000
  25     25.50       27.7131        0.0552      334.2695      334.3247     306.611545      -0.00000
  24     29.70       27.7065        0.0646      334.2535      334.3180     306.611545      -0.00000
  23     34.69       27.6987        0.0756      334.2347      334.3103     306.611545      -0.00000
  22     40.49       27.6896        0.0885      334.2127      334.3012     306.611545       0.00000
  21     47.29       27.6790        0.1036      334.1869      334.2905     306.611545      -0.00000
  20     55.29       27.6664        0.1213      334.1567      334.2780     306.611545      -0.00000
  19     64.69       27.6517        0.1421      334.1212      334.2633     306.611545      -0.00000
  18     75.69       27.6345        0.1664      334.0797      334.2461     306.611545      -0.00000
  17     88.49       27.6144        0.1948      334.0312      334.2260     306.611545      -0.00000
  16     104.0       27.5909        0.2281      333.9658      334.1939     306.602955       0.00468
  15     121.0       27.5635        0.2669      333.8895      334.1564     306.592929       0.00498
  14     142.0       27.5313        0.3123      333.8003      334.1126     306.581270       0.00469
  13     166.0       27.4937        0.3654      333.6909      334.0564     306.562635       0.00655
  12     194.0       27.4498        0.4274      333.5467      333.9742     306.524374       0.01153
  11     227.0       27.3985        0.4998      333.3438      333.8435     306.445055       0.02029
  10     265.0       27.3397        0.5829      333.0364      333.6192     306.279492       0.03677
   9     308.0       27.2745        0.6763      332.5169      333.1931     305.918658       0.07083
   8     355.9       27.2045        0.7801      331.5451      332.3252     305.120700       0.14031
   7     410.9       27.1327        0.8946      329.9934      330.8880     303.755323       0.20953
   6     471.9       27.0634        1.0200      327.7924      328.8124     301.749064       0.27759
   5     539.9       27.0065        1.1553      324.6823      325.8376     298.831109       0.36217
   4     616.9       26.9810        1.2992      320.3369      321.6361     294.655067       0.45775
   3     700.9       27.0248        1.4492      314.3705      315.8197     288.794894       0.58880
   2     794.9       27.2108        1.6027      306.5530      308.1556     280.944837       0.70484
   1     898.9       27.6854        1.7579      297.1324      298.8903     271.204864       0.79043
   0     1010.       28.8578        1.9150      286.6629      288.5780     259.720159       0.87321


 The downwelling direct and diffuse fluxes have been computed using the delta-M scaling approximation.
 Wavenumbers: 12850. - 16000. cm-1
 LEVEL PRESSURE   UPWARD FLUX   DIFDOWN FLUX  DIRDOWN FLUX  DOWNWARD FLUX   NET FLUX    HEATING RATE
          mb          W/m2          W/m2          W/m2        W/m2          W/m2       degree/day
  30    0.7980       22.3041        0.0000      211.0063      211.0063     188.702203       0.00000
  29     1.490       22.3051        0.0035      210.9844      210.9878     188.682773       0.23702
  28     2.870       22.3115        0.0103      210.9186      210.9289     188.617398       0.39984
  27     5.749       22.3295        0.0246      210.7592      210.7838     188.454300       0.47799
  26     12.00       22.3641        0.0551      210.4380      210.4931     188.128994       0.43931
  25     25.50       22.4172        0.1211      209.8556      209.9767     187.559524       0.35604
  24     29.70       22.4294        0.1415      209.6965      209.8381     187.408611       0.30328
  23     34.69       22.4409        0.1654      209.5247      209.6901     187.249135       0.26921
  22     40.49       22.4509        0.1934      209.3407      209.5341     187.083231       0.24143
  21     47.29       22.4578        0.2262      209.1490      209.3752     186.917394       0.20584
  20     55.29       22.4606        0.2647      208.9497      209.2144     186.753783       0.17262
  19     64.69       22.4580        0.3097      208.7451      209.0548     186.596780       0.14098
  18     75.69       22.4483        0.3624      208.5387      208.9011     186.452765       0.11050
  17     88.49       22.4301        0.4240      208.3301      208.7541     186.323956       0.08494
  16     104.0       22.4038        0.4964      208.1184      208.6148     186.210970       0.06153
  15     121.0       22.3668        0.5809      207.8991      208.4800     186.113204       0.04854
  14     142.0       22.3187        0.6795      207.6635      208.3430     186.024289       0.03574
  13     166.0       22.2580        0.7948      207.4072      208.2020     185.944060       0.02821
  12     194.0       22.1832        0.9292      207.1239      208.0530     185.869860       0.02237
  11     227.0       22.0916        1.0858      206.8093      207.8951     185.803525       0.01697
  10     265.0       21.9812        1.2657      206.4658      207.7314     185.750267       0.01183
   9     308.0       21.8528        1.4683      206.0872      207.5555     185.702711       0.00933
   8     355.9       21.7063        1.6952      205.6558      207.3509     185.644663       0.01021
   7     410.9       21.5414        1.9481      205.1520      207.1001     185.558699       0.01319
   6     471.9       21.3580        2.2289      204.5560      206.7848     185.426833       0.01824
   5     539.9       21.1567        2.5383      203.8378      206.3761     185.219470       0.02574
   4     616.9       20.9396        2.8775      202.9560      205.8335     184.893937       0.03568
   3     700.9       20.7121        3.2462      201.8553      205.1015     184.389366       0.05070
   2     794.9       20.4847        3.6429      200.4731      204.1160     183.631317       0.06806
   1     898.9       20.2756        4.0660      198.7529      202.8189     182.543274       0.08830
   0     1010.       20.1186        4.5127      196.6735      201.1862     181.067596       0.11220


 The downwelling direct and diffuse fluxes have been computed using the delta-M scaling approximation.
 Wavenumbers: 16000. - 22650. cm-1
 LEVEL PRESSURE   UPWARD FLUX   DIFDOWN FLUX  DIRDOWN FLUX  DOWNWARD FLUX   NET FLUX    HEATING RATE
          mb          W/m2          W/m2          W/m2        W/m2          W/m2       degree/day
  30    0.7980       45.3874        0.0000      335.7657      335.7657     290.378319       0.00000
  29     1.490       45.3886        0.0193      335.6900      335.7093     290.320709       0.70276
  28     2.870       45.4072        0.0575      335.4765      335.5340     290.126870       1.18554
  27     5.749       45.4621        0.1369      334.9685      335.1054     289.643266       1.41729
  26     12.00       45.5664        0.3070      333.9381      334.2451     288.678654       1.30267
  25     25.50       45.7155        0.6728      332.0325      332.7053     286.989823       1.05588
  24     29.70       45.7470        0.7858      331.5035      332.2892     286.542216       0.89953
  23     34.69       45.7737        0.9178      330.9251      331.8429     286.069180       0.79854
  22     40.49       45.7924        1.0722      330.2972      331.3694     285.577040       0.71618
  21     47.29       45.7969        1.2529      329.6291      330.8820     285.085059       0.61067
  20     55.29       45.7833        1.4644      328.9185      330.3829     284.599639       0.51215
  19     64.69       45.7459        1.7117      328.1680      329.8796     284.133785       0.41830
  18     75.69       45.6773        2.0001      327.3836      329.3837     283.706429       0.32792
  17     88.49       45.5720        2.3364      326.5598      328.8962     283.324167       0.25207
  16     104.0       45.4223        2.7290      325.6931      328.4221     282.999815       0.17663
  15     121.0       45.2253        3.1858      324.7589      327.9447     282.719402       0.13921
  14     142.0       44.9780        3.7160      323.7267      327.4427     282.464616       0.10241
  13     166.0       44.6717        4.3321      322.5751      326.9071     282.235436       0.08060
  12     194.0       44.2985        5.0452      321.2785      326.3237     282.025263       0.06336
  11     227.0       43.8450        5.8698      319.8163      325.6861     281.841112       0.04710
  10     265.0       43.3015        6.8083      318.1953      325.0037     281.702166       0.03086
   9     308.0       42.6682        7.8541      316.4130      324.2672     281.598937       0.02026
   8     355.9       41.9383        9.0117      314.4444      323.4561     281.517803       0.01427
   7     410.9       41.1024       10.2861      312.2631      322.5492     281.446770       0.01090
   6     471.9       40.1494       11.6810      309.8427      321.5237     281.374293       0.01003
   5     539.9       39.0671       13.1967      307.1643      320.3610     281.293847       0.00998
   4     616.9       37.8401       14.8341      304.2026      319.0367     281.196648       0.01065
   3     700.9       36.4528       16.5897      300.9334      317.5232     281.070387       0.01269
   2     794.9       34.8887       18.4563      297.3321      315.7884     280.899742       0.01532
   1     898.9       33.1277       20.4248      293.3710      313.7959     280.668113       0.01880
   0     1010.       31.1516       22.4780      289.0383      311.5163     280.364663       0.02307


 The downwelling direct and diffuse fluxes have been computed using the delta-M scaling approximation.
 Wavenumbers: 22650. - 29000. cm-1
 LEVEL PRESSURE   UPWARD FLUX   DIFDOWN FLUX  DIRDOWN FLUX  DOWNWARD FLUX   NET FLUX    HEATING RATE
          mb          W/m2          W/m2          W/m2        W/m2          W/m2       degree/day
  30    0.7980       28.3619        0.0000      125.2331      125.2331      96.871207       0.00000
  29     1.490       28.3538        0.0257      125.1992      125.2250      96.871207      -0.00000
  28     2.870       28.3375        0.0766      125.1321      125.2087      96.871207       0.00000
  27     5.749       28.3036        0.1824      124.9924      125.1748      96.871207      -0.00000
  26     12.00       28.2301        0.4094      124.6920      125.1013      96.871207       0.00000
  25     25.50       28.0686        0.8972      124.0427      124.9399      96.871207      -0.00000
  24     29.70       28.0179        1.0474      123.8417      124.8891      96.871207      -0.00000
  23     34.69       27.9581        1.2227      123.6066      124.8293      96.871207       0.00000
  22     40.49       27.8875        1.4273      123.3314      124.7587      96.871207      -0.00000
  21     47.29       27.8041        1.6658      123.0095      124.6753      96.871207       0.00000
  20     55.29       27.7053        1.9437      122.6328      124.5765      96.871207       0.00000
  19     64.69       27.5883        2.2666      122.1929      124.4595      96.871207      -0.00000
  18     75.69       27.4499        2.6408      121.6803      124.3211      96.871207      -0.00000
  17     88.49       27.2859        3.0732      121.0839      124.1571      96.871207      -0.00000
  16     104.0       27.0907        3.5731      120.3887      123.9619      96.871207      -0.00000
  15     121.0       26.8586        4.1482      119.5816      123.7298      96.871207      -0.00000
  14     142.0       26.5821        4.8075      118.6458      123.4533      96.871207       0.00000
  13     166.0       26.2512        5.5625      117.5599      123.1224      96.871207      -0.00000
  12     194.0       25.8550        6.4218      116.3044      122.7262      96.871207      -0.00000
  11     227.0       25.3792        7.3956      114.8548      122.2504      96.871207       0.00000
  10     265.0       24.8145        8.4773      113.2084      121.6857      96.871207      -0.00000
   9     308.0       24.1553        9.6497      111.3768      121.0265      96.871207       0.00000
   8     355.9       23.3876       10.9070      109.3518      120.2588      96.871207       0.00000
   7     410.9       22.4945       12.2417      107.1240      119.3657      96.871207      -0.00000
   6     471.9       21.4565       13.6424      104.6853      118.3277      96.871207       0.00000
   5     539.9       20.2532       15.0910      102.0334      117.1244      96.871207       0.00000
   4     616.9       18.8592       16.5668       99.1636      115.7304      96.871207      -0.00000
   3     700.9       17.2470       18.0413       96.0770      114.1182      96.871207       0.00000
   2     794.9       15.3858       19.4781       92.7789      112.2570      96.871207       0.00000
   1     898.9       13.2375       20.8344       89.2743      110.1087      96.871207      -0.00000
   0     1010.       10.7635       22.0541       85.5806      107.6347      96.871207      -0.00000


 The downwelling direct and diffuse fluxes have been computed using the delta-M scaling approximation.
 Wavenumbers: 29000. - 38000. cm-1
 LEVEL PRESSURE   UPWARD FLUX   DIFDOWN FLUX  DIRDOWN FLUX  DOWNWARD FLUX   NET FLUX    HEATING RATE
          mb          W/m2          W/m2          W/m2        W/m2          W/m2       degree/day
  30    0.7980        7.2038        0.0000       48.5017       48.5017      41.297890       0.00000
  29     1.490        7.2038        0.0200       46.4059       46.4260      39.222145      25.32100
  28     2.870        7.2207        0.0521       42.3719       42.4239      35.203250      24.58010
  27     5.749        7.2724        0.1098       38.2525       38.3623      31.089825      12.05510
  26     12.00        7.3803        0.2219       34.5639       34.7858      27.405517       4.97553
  25     25.50        7.5835        0.4422       31.0924       31.5346      23.951144       2.15973
  24     29.70        7.6424        0.5074       30.4069       30.9143      23.271825       1.36518
  23     34.69        7.7064        0.5827       29.7381       30.3208      22.614411       1.10979
  22     40.49        7.7747        0.6701       29.0869       29.7570      21.982315       0.91985
  21     47.29        7.8433        0.7721       28.4633       29.2354      21.392101       0.73260
  20     55.29        7.9107        0.8910       27.8615       28.7526      20.841938       0.58045
  19     64.69        7.9733        1.0298       27.2807       28.3105      20.337228       0.45319
  18     75.69        8.0251        1.1917       26.7228       27.9145      19.889488       0.34356
  17     88.49        8.0616        1.3802       26.1799       27.5600      19.498431       0.25786
  16     104.0        8.0755        1.6000       25.6473       27.2472      19.171746       0.17790
  15     121.0        8.0667        1.8532       25.1055       26.9588      18.892038       0.13886
  14     142.0        8.0368        2.1417       24.5344       26.6762      18.639375       0.10156
  13     166.0        7.9810        2.4694       23.9244       26.3938      18.412838       0.07967
  12     194.0        7.8964        2.8374       23.2644       26.1018      18.205376       0.06254
  11     227.0        7.7741        3.2485       22.5493       25.7978      18.023623       0.04649
  10     265.0        7.6022        3.6993       21.7890       25.4883      17.886153       0.03053
   9     308.0        7.3789        4.1774       20.9854       25.1628      17.783913       0.02007
   8     355.9        7.1006        4.6736       20.1324       24.8060      17.705399       0.01381
   7     410.9        6.7622        5.1773       19.2257       24.4030      17.640798       0.00991
   6     471.9        6.3576        5.6749       18.2635       23.9384      17.580751       0.00831
   5     539.9        5.8783        6.1513       17.2501       23.4014      17.523045       0.00716
   4     616.9        5.3136        6.5893       16.1900       22.7793      17.465681       0.00629
   3     700.9        4.6517        6.9681       15.0905       22.0586      17.406981       0.00590
   2     794.9        3.8785        7.2635       13.9613       21.2248      17.346270       0.00545
   1     898.9        2.9743        7.4483       12.8135       20.2618      17.287521       0.00477
   0     1010.        1.9150        7.4880       11.6618       19.1499      17.234868       0.00400


 The downwelling direct and diffuse fluxes have been computed using the delta-M scaling approximation.
 Wavenumbers: 38000. - 50000. cm-1
 LEVEL PRESSURE   UPWARD FLUX   DIFDOWN FLUX  DIRDOWN FLUX  DOWNWARD FLUX   NET FLUX    HEATING RATE
          mb          W/m2          W/m2          W/m2        W/m2          W/m2       degree/day
  30    0.7980        0.0062        0.0000        2.9786        2.9786       2.972334       0.00000
  29     1.490        0.0044        0.0025        2.0174        2.0200       2.015556      11.67126
  28     2.870        0.0030        0.0026        0.8018        0.8044       0.801365       7.42615
  27     5.749        0.0021        0.0023        0.3077        0.3100       0.307880       1.44624
  26     12.00        0.0014        0.0019        0.1213        0.1231       0.121779       0.25132
  25     25.50        0.0008        0.0012        0.0400        0.0412       0.040422       0.05087
  24     29.70        0.0007        0.0011        0.0310        0.0321       0.031365       0.01820
  23     34.69        0.0007        0.0010        0.0239        0.0249       0.024185       0.01212
  22     40.49        0.0007        0.0009        0.0184        0.0193       0.018560       0.00819
  21     47.29        0.0007        0.0008        0.0142        0.0150       0.014285       0.00531
  20     55.29        0.0007        0.0008        0.0110        0.0117       0.011027       0.00344
  19     64.69        0.0007        0.0007        0.0086        0.0093       0.008555       0.00222
  18     75.69        0.0008        0.0007        0.0068        0.0075       0.006722       0.00141
  17     88.49        0.0008        0.0007        0.0055        0.0062       0.005346       0.00091
  16     104.0        0.0009        0.0007        0.0045        0.0052       0.004334       0.00055
  15     121.0        0.0009        0.0007        0.0037        0.0045       0.003553       0.00039
  14     142.0        0.0009        0.0007        0.0031        0.0038       0.002909       0.00026
  13     166.0        0.0009        0.0008        0.0025        0.0033       0.002376       0.00019
  12     194.0        0.0010        0.0008        0.0021        0.0029       0.001921       0.00014
  11     227.0        0.0010        0.0008        0.0017        0.0025       0.001545       0.00010
  10     265.0        0.0010        0.0009        0.0013        0.0022       0.001274       0.00006
   9     308.0        0.0009        0.0009        0.0011        0.0020       0.001083       0.00004
   8     355.9        0.0009        0.0010        0.0008        0.0018       0.000943       0.00002
   7     410.9        0.0008        0.0010        0.0007        0.0017       0.000835       0.00002
   6     471.9        0.0007        0.0010        0.0005        0.0015       0.000743       0.00001
   5     539.9        0.0006        0.0009        0.0004        0.0013       0.000662       0.00001
   4     616.9        0.0005        0.0009        0.0003        0.0011       0.000590       0.00001
   3     700.9        0.0004        0.0008        0.0002        0.0010       0.000526       0.00001
   2     794.9        0.0003        0.0007        0.0001        0.0008       0.000469       0.00001
   1     898.9        0.0002        0.0005        0.0001        0.0006       0.000424       0.00000
   0     1010.        0.0000        0.0004        0.0000        0.0004       0.000394       0.00000


 The downwelling direct and diffuse fluxes have been computed using the delta-M scaling approximation.
 Wavenumbers:   820. -  2600. cm-1
 LEVEL PRESSURE   UPWARD FLUX   DIFDOWN FLUX  DIRDOWN FLUX  DOWNWARD FLUX   NET FLUX    HEATING RATE
          mb          W/m2          W/m2          W/m2        W/m2          W/m2       degree/day
  30    0.7980        0.3456        0.0000       12.4652       12.4652      12.119614       0.00000
  29     1.490        0.3456        0.0000       12.3452       12.3452      11.999610       1.46387
  28     2.870        0.3456        0.0000       12.2046       12.2046      11.859005       0.85996
  27     5.749        0.3456        0.0000       11.9551       11.9551      11.609467       0.73131
  26     12.00        0.3458        0.0000       11.5559       11.5559      11.210159       0.53925
  25     25.50        0.3461        0.0000       11.1534       11.1534      10.807328       0.25186
  24     29.70        0.3461        0.0000       11.0913       11.0913      10.745209       0.12484
  23     34.69        0.3462        0.0000       11.0389       11.0389      10.692677       0.08868
  22     40.49        0.3463        0.0000       10.9933       10.9933      10.647074       0.06636
  21     47.29        0.3463        0.0000       10.9525       10.9525      10.606177       0.05076
  20     55.29        0.3464        0.0000       10.9142       10.9142      10.567833       0.04046
  19     64.69        0.3464        0.0000       10.8760       10.8760      10.529604       0.03433
  18     75.69        0.3465        0.0000       10.8364       10.8364      10.489896       0.03047
  17     88.49        0.3466        0.0000       10.7933       10.7933      10.446742       0.02846
  16     104.0        0.3467        0.0000       10.7447       10.7448      10.398104       0.02649
  15     121.0        0.3468        0.0000       10.6887       10.6888      10.342006       0.02785
  14     142.0        0.3469        0.0000       10.6269       10.6269      10.280069       0.02490
  13     166.0        0.3470        0.0000       10.5489       10.5490      10.201913       0.02749
  12     194.0        0.3473        0.0000       10.4402       10.4403      10.092957       0.03284
  11     227.0        0.3476        0.0000       10.3125       10.3125       9.964935       0.03274
  10     265.0        0.3479        0.0000       10.1386       10.1386       9.790671       0.03871
   9     308.0        0.3485        0.0000        9.8576        9.8576       9.509144       0.05526
   8     355.9        0.3496        0.0000        9.3472        9.3473       8.997615       0.08994
   7     410.9        0.3516        0.0000        8.6570        8.6570       8.305394       0.10623
   6     471.9        0.3546        0.0000        7.9627        7.9628       7.608188       0.09647
   5     539.9        0.3588        0.0000        7.3201        7.3201       6.961261       0.08030
   4     616.9        0.3645        0.0000        6.7592        6.7592       6.394725       0.06210
   3     700.9        0.3734        0.0000        6.2406        6.2406       5.867270       0.05300
   2     794.9        0.3888        0.0000        5.7602        5.7602       5.371415       0.04452
   1     898.9        0.4167        0.0000        5.2860        5.2860       4.869309       0.04075
   0     1010.        0.4780        0.0000        4.7800        4.7801       4.302072       0.04313

  Modules and versions used in this calculation:

                rrtm.f:  $Revision: 2.10 $                    rrtatm.f:  $Revision: 5.14 $ 
             setcoef.f:  $Revision: 2.6 $                                $Revision: 2.5 $  
      util_linux_pgi.f:                                                              $Revis
                         $Revision: 2.6 $                     disort.f:  $Revision: 2.4 $  
            RDI1MACH.f:  NOT USED                            ErrPack.f:  NOT USED          
              LINPAK.f:  $Revision: 2.3 $                                                  
             k_gb16.f:   $Revision: 2.4 $                    k_gb17.f:   $Revision: 2.3 $  
             k_gb18.f:   $Revision: 2.3 $                    k_gb19.f:   $Revision: 2.3 $  
             k_gb20.f:   $Revision: 2.3 $                    k_gb21.f:   $Revision: 2.3 $  
             k_gb22.f:   $Revision: 2.3 $                    k_gb23.f:   $Revision: 2.3 $  
             k_gb24.f:   $Revision: 2.3 $                    k_gb25.f:   $Revision: 2.3 $  
                                                             k_gb27.f:   $Revision: 2.3 $  
             k_gb28.f:   $Revision: 2.3 $                    k_gb29.f:   $Revision: 2.3 $  

